"slope" "diffinc1" "diffinc1.1" "derivative" "derivative_se" "difference" "difference_se" "devlb" "devub" "difflb" "diffub"
"1" 0 0.00349 0.00349 2.31771705673305e-06 3.01064626135244e-06 -0.00636 0.00680232199396526 -3.58314961551774e-06 8.21858372898384e-06 -0.0196925511081719 0.00697255110817191
"2" 0.01 0.00741 0.00741 1.06551938881247e-05 3.20034191110773e-06 -0.0209 0.00795917482876587 4.38252374235357e-06 1.69278640338959e-05 -0.0364999826643811 -0.00530001733561889
"3" 0.02 0.00275 0.00275 6.27731363909901e-06 4.50715677162563e-06 -0.01979 0.00753637575718866 -2.55671363328722e-06 1.51113409114852e-05 -0.0345612964840898 -0.00501870351591024
"4" 0.03 0.00438 0.00438 1.5839440750382e-05 5.16605964301547e-06 -0.03469 0.00834130013088029 5.71396385007163e-06 2.59649176506923e-05 -0.0510389482565254 -0.0183410517434746
"5" 0.04 0.01083 0.01083 1.03808516324866e-05 2.25650375498696e-06 -0.01849 0.00833410794337596 5.95810427271219e-06 1.48035989922611e-05 -0.0348248515690169 -0.00215514843098312
"6" 0.05 0.01837 0.01837 1.02747108515344e-05 3.83347724143533e-06 -0.01908 0.00893938463066521 2.76109545832119e-06 1.77883262447477e-05 -0.0366011938761038 -0.00155880612389618
"7" 0.06 0.02415 0.02415 1.45493231188112e-05 2.10512722045638e-06 -0.01569 0.00927760458745555 1.04232737667167e-05 1.86753724709057e-05 -0.0338741049914129 0.00249410499141288
"8" 0.07 0.02168 0.02168 1.6441664303572e-05 4.19992582619827e-06 -0.02653 0.00958481631634186 8.20980968422337e-06 2.46735189229206e-05 -0.0453162399800301 -0.00774376001996996
"9" 0.08 0.02335 0.02335 1.48474924636103e-05 3.84027869907517e-06 -0.02382 0.00979292822307368 7.320546213423e-06 2.23744387137977e-05 -0.0430141393172244 -0.00462586068277559
"10" 0.09 0.03228 0.03228 1.47015862576818e-05 5.64149873459943e-06 -0.03319 0.0107086936085237 3.64424873786694e-06 2.57589237774967e-05 -0.0541790394727064 -0.0122009605272936
"11" 0.1 0.03423 0.03423 1.13146348147131e-05 4.3345962118797e-06 -0.01673 0.0103004047398469 2.81882623942893e-06 1.98104433899973e-05 -0.0369187932901 0.00345879329010001
