"slope" "diffinc1" "diffinc2" "deriveinc" "derivative" "derivative_se" "difference" "difference_se" "devlb" "devub" "difflb" "diffub"
"1" 0 0.00554 0.02001 0.0127827272727273 5.94852074217389e-06 4.14313376857545e-06 -0.01447 0.00753037203768837 -2.172021444234e-06 1.40690629285818e-05 -0.0292295291938692 0.000289529193869207
"2" 0.01 0.00284 0.01261 0.0077 5.36632811507063e-06 2.69511274836182e-06 -0.00977 0.00674877515941694 8.3907128281462e-08 1.06487491018598e-05 -0.0229975993124572 0.00345759931245721
"3" 0.02 0.01749 0.02169 0.0196554545454545 3.83833906503964e-06 4.20671241413527e-06 -0.0042 0.00822448151661595 -4.40681726666549e-06 1.20834953967448e-05 -0.0203199837725673 0.0119199837725673
"4" 0.03 0.0134 0.0192 0.0163227272727273 4.30829409452616e-06 4.2629951209214e-06 -0.0058 0.00774988983144638 -4.04717634247979e-06 1.26637645315321e-05 -0.0209897840696349 0.00938978406963491
"5" 0.04 0.00994 0.03321 0.0215336363636364 1.23592626571165e-05 3.46516376292662e-06 -0.02327 0.00829814445013777 5.5675416817803e-06 1.91509836324526e-05 -0.03953436312227 -0.00700563687772998
"6" 0.05 0.01356 0.02655 0.0200072727272727 5.56245434267463e-06 3.47991553693302e-06 -0.01299 0.00802169036592291 -1.25818010971409e-06 1.23830887950633e-05 -0.0287125131172089 0.0027325131172089
"7" 0.06 0.02756 0.0453 0.0364781818181818 8.0488619108016e-06 3.8161592478621e-06 -0.01774 0.00959480208853653 5.6918978499188e-07 1.55285340366113e-05 -0.0365458120935316 0.0010658120935316
"8" 0.07 0.01601 0.05747 0.0369263636363636 2.71054683553385e-05 6.34641595463266e-06 -0.04146 0.00978189287848998 1.46664930842585e-05 3.95444436264185e-05 -0.0606325100418404 -0.0222874899581596
"9" 0.08 0.02585 0.04566 0.0357036363636364 1.38997283370544e-05 5.56969844074014e-06 -0.01981 0.00939868192221546 2.98311939320374e-06 2.48163372809051e-05 -0.0382314165675423 -0.0013885834324577
"10" 0.09 0.02084 0.05204 0.0364081818181818 1.22060415274964e-05 4.8256716257493e-06 -0.0312 0.00963660101657442 2.74772514102772e-06 2.1664357913965e-05 -0.0500877379924859 -0.0123122620075141
"11" 0.1 0.03292 0.06315 0.0479181818181818 1.2300472570637e-05 6.16653454680718e-06 -0.03023 0.0108623783161585 2.14064858894917e-07 2.4386880282379e-05 -0.0515202614996706 -0.00893973850032941
"12" 0 -0.00165 0.00842 0.00340090909090909 4.65343929231615e-06 2.64830564426832e-06 -0.01007 0.00627653304141222 -5.37239770449761e-07 9.84411835508206e-06 -0.0223720047611679 0.00223200476116794
"13" 0.01 0.00326 0.02168 0.0125309090909091 8.62598314030725e-06 4.04575876976283e-06 -0.01842 0.00738493162104074 6.96295951572102e-07 1.65556703290424e-05 -0.0328944659772398 -0.00394553402276016
"14" 0.02 0.01918 0.03003 0.0246236363636364 4.69924730719785e-06 3.79982889612198e-06 -0.01085 0.00867330416896924 -2.74841732920124e-06 1.21469119435969e-05 -0.0278496761711797 0.00614967617117971
"15" 0.03 0.00978 0.03511 0.0224772727272727 1.10146260963895e-05 4.67647796640723e-06 -0.02533 0.0085266803067879 1.84872928223132e-06 2.01805229105477e-05 -0.0420422934013043 -0.00861770659869572
"16" 0.04 0.02497 0.03323 0.0291 3.7090102780546e-06 3.57722723442221e-06 -0.00826 0.00900920245840114 -3.30235510141293e-06 1.07203756575221e-05 -0.0259180368184662 0.00939803681846624
"17" 0.05 0.02335 0.04375 0.0334963636363636 9.95520487649882e-06 4.55242061815363e-06 -0.0204 0.00962908463366197 1.03246046491771e-06 1.88779492880799e-05 -0.0392730058819774 -0.00152699411802254
"18" 0.06 0.02167 0.03999 0.0307936363636364 1.18856793179537e-05 4.59270130571382e-06 -0.01832 0.00923551725491378 2.88398475875461e-06 2.08873738771528e-05 -0.036421613819631 -0.000218386180368992
"19" 0.07 0.03003 0.04532 0.0377254545454545 7.23392012048068e-06 4.17436026081785e-06 -0.01529 0.0097022036228996 -9.47825990722313e-07 1.54156662316837e-05 -0.0343063191008832 0.00372631910088322
"20" 0.08 0.02084 0.0445 0.0331345454545455 1.75993256145174e-05 4.94404391768608e-06 -0.02366 0.00950357882860874 7.90899953585272e-06 2.72896516931822e-05 -0.0422870145040731 -0.00503298549592686
"21" 0.09 0.01751 0.05611 0.0368618181818182 1.37132215919162e-05 4.28150825812541e-06 -0.0386 0.00947631624906145 5.32146540599042e-06 2.2104977777842e-05 -0.0571735798481604 -0.0200264201518396
"22" 0.1 0.02661 0.06127 0.0439309090909091 1.07479054149071e-05 5.02254542727264e-06 -0.03466 0.0101381348836907 9.03716377452733e-07 2.05920944523615e-05 -0.0545307443720338 -0.0147892556279662
"23" 0 -0.0023 0.00639 0.00208090909090909 5.28583928842924e-06 2.21850677459846e-06 -0.00869 0.0062566381835399 9.37566010216251e-07 9.63411256664223e-06 -0.0209530108397382 0.0035730108397382
"24" 0.01 0.00353 0.01918 0.0113309090909091 7.52646472103058e-06 4.1156122141894e-06 -0.01565 0.00725643445072143 -5.40135218780645e-07 1.55930646608418e-05 -0.029872611523414 -0.00142738847658599
"25" 0.02 0.00669 0.02672 0.01676 9.59939326522603e-06 3.95161736935451e-06 -0.02003 0.00791049941746365 1.85422322129118e-06 1.73445633091609e-05 -0.0355345788582288 -0.00452542114177124
"26" 0.03 0.02587 0.03087 0.0283509090909091 3.34859649544146e-06 4.43382017311944e-06 -0.005 0.00904581173083405 -5.34169104387264e-06 1.20388840347556e-05 -0.0227297909924347 0.0127297909924347
"27" 0.04 0.01236 0.02851 0.0204054545454545 1.19505176634079e-05 3.83092320822575e-06 -0.01615 0.00842510487017805 4.44190817528546e-06 1.94591271515304e-05 -0.032663205545549 0.000363205545548979
"28" 0.05 0.01915 0.02906 0.0239872727272727 5.41331635098195e-06 2.86571037695251e-06 -0.00991 0.00853275631156697 -2.03475987844968e-07 1.10301086898089e-05 -0.0266342023706712 0.00681420237067125
"29" 0.06 0.01916 0.03945 0.0294236363636364 9.90444824175452e-06 4.39537189263212e-06 -0.02029 0.00922126159965827 1.28951933219558e-06 1.85193771513135e-05 -0.0383636727353302 -0.00221632726466979
"30" 0.07 0.02745 0.04409 0.0358045454545455 1.25954454354181e-05 3.82241277061561e-06 -0.01664 0.00964836087851842 5.10351640501152e-06 2.00873744658247e-05 -0.0355507873218961 0.00227078732189611
"31" 0.08 0.02666 0.04582 0.0361981818181818 1.27280415145158e-05 5.38455618122211e-06 -0.01916 0.00971941420331432 2.17431139932042e-06 2.32817716297111e-05 -0.0382100518384961 -0.000109948161503923
"32" 0.09 0.02819 0.06028 0.0442336363636364 1.26585228988985e-05 4.08980536129041e-06 -0.03209 0.0104578830855047 4.6425043907693e-06 2.06745414070277e-05 -0.0525874508475892 -0.0115925491524108
"33" 0.1 0.03073 0.06832 0.0494018181818182 1.8165248360642e-05 5.23658956430465e-06 -0.03759 0.0108316832691791 7.90153281460486e-06 2.84289639066791e-05 -0.0588200992075911 -0.0163599007924089
"34" 0 -0.00355 0.0141 0.00529181818181818 1.06333101126687e-05 1.67915175698945e-06 -0.01765 0.00661273426793668 7.34217266896934e-06 1.3924447556368e-05 -0.0306109591651559 -0.00468904083484411
"35" 0.01 0.00266 0.00665 0.00465818181818182 1.60265896884841e-06 3.54085933657219e-06 -0.00399 0.0064729912079255 -5.33742533083308e-06 8.54274326852991e-06 -0.016677062767534 0.00869706276753398
"36" 0.02 0.00692 0.03002 0.0187390909090909 1.55220433998163e-05 4.26009642528083e-06 -0.0231 0.00804834851073898 7.1722544062659e-06 2.38718323933668e-05 -0.0388747630810484 -0.00732523691895161
"37" 0.03 0.00923 0.02587 0.0175172727272727 6.14311123057803e-06 4.15791991460776e-06 -0.01664 0.00797648986547667 -2.00641180205318e-06 1.42926342632092e-05 -0.0322739201363343 -0.00100607986366573
"38" 0.04 0.02084 0.03592 0.02848 9.52046052179323e-06 4.84503071619097e-06 -0.01508 0.00906134388024513 2.42003180589291e-08 1.90167207255275e-05 -0.0328402340052805 0.00268023400528045
"39" 0.05 0.02248 0.03855 0.0304881818181818 8.39500479403351e-06 3.68734860659945e-06 -0.01607 0.00928496524958884 1.1678015250986e-06 1.56222080629684e-05 -0.0342685318891941 0.00212853188919412
"40" 0.06 0.02084 0.05251 0.0365 1.32829048961403e-05 4.45339005339736e-06 -0.03167 0.00977242797730471 4.55426039148147e-06 2.20115494007991e-05 -0.0508239588355172 -0.0125160411644828
"41" 0.07 0.03262 0.0469 0.0397563636363636 7.09027723238313e-06 4.13266721297562e-06 -0.01428 0.00987643698148406 -1.00975050504909e-06 1.51903049698154e-05 -0.0336378164837088 0.00507781648370876
"42" 0.08 0.0365 0.05186 0.0441781818181818 1.04727605192525e-05 4.35422469837498e-06 -0.01536 0.0104297435123605 1.9384801104375e-06 1.90070409280674e-05 -0.0358022972842265 0.00508229728422649
"43" 0.09 0.03087 0.05981 0.0452927272727273 1.38945745014812e-05 4.75189173096905e-06 -0.02894 0.0104578303038144 4.5808667087819e-06 2.32082822941806e-05 -0.0494373473954763 -0.00844265260452368
"44" 0.1 0.03773 0.0562 0.0470136363636364 1.09894099974544e-05 3.30144058647311e-06 -0.01847 0.0107133865407373 4.5185864479671e-06 1.74602335469417e-05 -0.0394682376198452 0.00252823761984519
"45" 0 -0.00503 0.01833 0.00665909090909091 9.43233213686354e-06 2.51272045657086e-06 -0.02336 0.00680003750204604 4.50740004198465e-06 1.43572642317424e-05 -0.0366880735040102 -0.0100319264959898
"46" 0.01 2e-05 0.02422 0.0120736363636364 1.39880833771552e-05 3.48168189734173e-06 -0.0242 0.00794529559367846 7.16398685836542e-06 2.0812179895945e-05 -0.0397727793636098 -0.00862722063639021
"47" 0.02 0.01412 0.01587 0.0149809090909091 1.30973972300421e-06 2.88199830217813e-06 -0.00175 0.00767667680493602 -4.33897694926493e-06 6.95845639527334e-06 -0.0167962865376746 0.0132962865376746
"48" 0.03 0.01663 0.0225 0.0195654545454545 7.52648729395666e-06 3.006214200575e-06 -0.00587 0.00812787297344398 1.63430746082966e-06 1.34186671270837e-05 -0.0218006310279502 0.0100606310279502
"49" 0.04 0.01008 0.02829 0.0191963636363636 5.61827138017802e-06 3.9759750071411e-06 -0.01821 0.00806369604710914 -2.17463963381854e-06 1.34111823941746e-05 -0.0340148442523339 -0.00240515574766608
"50" 0.05 0.01918 0.03977 0.0294418181818182 1.2013784990157e-05 4.67417594723135e-06 -0.02059 0.00902883840603117 2.85240013358358e-06 2.11751698467305e-05 -0.0382865232758211 -0.0028934767241789
"51" 0.06 0.02001 0.04557 0.0327127272727273 1.28787896237306e-05 4.63438635543988e-06 -0.02556 0.00934253078047371 3.79539236706843e-06 2.19621868803928e-05 -0.0438713603297285 -0.00724863967027152
"52" 0.07 0.02252 0.04867 0.0356154545454545 1.23418085165431e-05 3.76796348930414e-06 -0.02615 0.00977124785904192 4.95660007750702e-06 1.97270169555793e-05 -0.0453016458037222 -0.00699835419627783
"53" 0.08 0.02168 0.04569 0.0335554545454545 1.37204730178984e-05 5.36736489098171e-06 -0.02401 0.00946464237987332 3.20043783157425e-06 2.42405082042226e-05 -0.0425606990645517 -0.0054593009354483
"54" 0.09 0.02335 0.05125 0.0373154545454545 1.65543913456324e-05 5.05325251189462e-06 -0.0279 0.0099301964405992 6.65001642231898e-06 2.64587662689459e-05 -0.0473631850235744 -0.00843681497642557
"55" 0.1 0.03596 0.07641 0.0563027272727273 1.75640546951717e-05 6.1397254713017e-06 -0.04045 0.0115749503948793 5.53019277142034e-06 2.9597916618923e-05 -0.0631369027739634 -0.0177630972260366
"56" 0 0.00432 0.01666 0.0106145454545455 7.16430714974434e-06 3.44733638069837e-06 -0.01234 0.00720646675967107 4.0752784357554e-07 1.39210864559131e-05 -0.0264646748489553 0.00178467484895529
"57" 0.01 0.00522 0.02085 0.0131363636363636 1.07216129939168e-05 3.88352833168122e-06 -0.01563 0.00755467846050155 3.10989746382157e-06 1.8333328524012e-05 -0.030437169782583 -0.000822830217416963
"58" 0.02 0.00215 0.03079 0.0164636363636364 8.36903877144573e-06 3.6311807718152e-06 -0.02864 0.00782550425357267 1.25192445868794e-06 1.54861530842035e-05 -0.0439779883370024 -0.0133020116629976
"59" 0.03 0.01918 0.02834 0.02375 7.79070324759438e-06 3.96689349043653e-06 -0.00916 0.00856966014571529 1.55920063387729e-08 1.556581448885e-05 -0.025956533885602 0.00763653388560196
"60" 0.04 0.01332 0.02828 0.0207754545454545 8.35199260679359e-06 3.95368109927865e-06 -0.01496 0.00822584982261407 6.02777652207449e-07 1.61012075613797e-05 -0.0310826656523236 0.00116266565232359
"61" 0.05 0.02333 0.0357 0.0294772727272727 3.39934299068106e-06 5.74271196586743e-06 -0.01237 0.00904860767624301 -7.8563724624191e-06 1.46550584437812e-05 -0.0301052710454363 0.00536527104543631
"62" 0.06 0.01413 0.02568 0.0197690909090909 7.27168171298816e-06 3.76729331385374e-06 -0.01155 0.00798592723764878 -1.12213182165173e-07 1.46555766081415e-05 -0.0272024173857916 0.00410241738579161
"63" 0.07 0.03822 0.05767 0.0479281818181818 1.05983919357732e-05 5.25490786175717e-06 -0.01945 0.0107298730573583 2.98772526729169e-07 2.08980113448173e-05 -0.0404805511924222 0.0015805511924222
"64" 0.08 0.03559 0.05924 0.0474872727272727 1.16869710073342e-05 4.66811516973815e-06 -0.02365 0.0106633500799947 2.53746527464742e-06 2.08364767400209e-05 -0.0445501661567895 -0.00274983384321046
"65" 0.09 0.03788 0.05065 0.04432 2.14208313325507e-06 5.14309266682078e-06 -0.01277 0.0103885763356322 -7.93837849371366e-06 1.22225447602238e-05 -0.0331316096178391 0.00759160961783914
"66" 0.1 0.02928 0.08876 0.0588172727272727 2.31650790826888e-05 5.7327908746082e-06 -0.05948 0.0117509680133617 1.19288089684568e-05 3.44013491969209e-05 -0.0825118973061889 -0.0364481026938111
"67" 0 -0.00685 0.02336 0.00829545454545455 1.18384318044881e-05 3.63408850521661e-06 -0.03021 0.00697532297835349 4.71561833426354e-06 1.89612452747127e-05 -0.0438816330375728 -0.0165383669624272
"68" 0.01 0.00736 0.01914 0.0132163636363636 1.09581724552965e-05 3.21372320202445e-06 -0.01178 0.00767944614491682 4.65927497932859e-06 1.72570699312644e-05 -0.026831714444037 0.00327171444403697
"69" 0.02 0.00759 0.02 0.0138618181818182 6.93386095750753e-06 3.43985148371118e-06 -0.01241 0.00765516023299936 1.91752049433613e-07 1.36759698655815e-05 -0.0274141140566787 0.00259411405667874
"70" 0.03 0.00998 0.0381 0.0239954545454545 1.22048613889417e-05 3.16641480349376e-06 -0.02812 0.00851018189188414 5.99868837409397e-06 1.84110344037895e-05 -0.0447999565080929 -0.0114400434919071
"71" 0.04 0.01834 0.03195 0.0252481818181818 1.15205723869659e-05 4.30439094733339e-06 -0.01361 0.00888281356608006 3.08396613019249e-06 1.99571786437394e-05 -0.0310203145895169 0.00380031458951691
"72" 0.05 0.01674 0.02755 0.0221718181818182 6.33858122507331e-06 4.04026442879927e-06 -0.01081 0.00843885083885621 -1.58033705537327e-06 1.42574995055199e-05 -0.0273501476441582 0.00573014764415816
"73" 0.06 0.02001 0.04266 0.0313027272727273 1.48679048375631e-05 3.92951324614041e-06 -0.02265 0.00934100564691034 7.16605887512784e-06 2.25697507999983e-05 -0.0409583710679443 -0.00434162893205573
"74" 0.07 0.01422 0.04787 0.0310581818181818 1.55350101728296e-05 4.67140557041012e-06 -0.03365 0.00913557056111077 6.37905525482576e-06 2.46909650908334e-05 -0.0515557182997771 -0.0157442817002229
"75" 0.08 0.0284 0.0476 0.0380172727272727 6.89828020379269e-06 4.56195518412713e-06 -0.0192 0.00991256324773285 -2.04315195709648e-06 1.58397123646819e-05 -0.0386286239655564 0.000228623965556382
"76" 0.09 0.0284 0.05306 0.04061 1.08987049264903e-05 4.88369824356126e-06 -0.02466 0.00986538558963864 1.32665636911023e-06 2.04707534838704e-05 -0.0439961557556917 -0.00532384424430828
"77" 0.1 0.03524 0.05829 0.0468863636363636 1.62212036912188e-05 2.56751337590216e-06 -0.02305 0.0107858992233435 1.11888774744506e-05 2.12535299079871e-05 -0.0441903624777532 -0.00190963752224677
"78" 0 0.00823 0.01491 0.01155 8.20902471421607e-06 3.27704257911733e-06 -0.00668 0.0074352672843299 1.7860212591461e-06 1.4632028169286e-05 -0.0212531238772866 0.0078931238772866
"79" 0.01 0.00901 0.01757 0.0133127272727273 5.14559284221394e-06 3.81877355142832e-06 -0.00856 0.00742214270117217 -2.33920331858557e-06 1.26303890030134e-05 -0.0231073996942974 0.00598739969429745
"80" 0.02 0.01487 0.04554 0.0301618181818182 1.23714803433212e-05 4.2418847475628e-06 -0.03067 0.00911963234581077 4.05738623809813e-06 2.06855744485443e-05 -0.0485444793977891 -0.0127955206022109
"81" 0.03 0.02416 0.03536 0.0298145454545455 7.08600935670863e-06 5.66280160800969e-06 -0.0112 0.00891808065118387 -4.01308179499037e-06 1.81851005084076e-05 -0.0286794380763204 0.00627943807632039
"82" 0.04 0.01508 0.02586 0.0204672727272727 3.0160151222658e-06 4.76339791919105e-06 -0.01078 0.00825716254644121 -6.32024479934866e-06 1.23522750438802e-05 -0.0269640385910248 0.00540403859102477
"83" 0.05 0.02577 0.03508 0.0305645454545455 6.94678809236143e-06 4.71149452204949e-06 -0.00931 0.00921890989625432 -2.28774117085557e-06 1.61813173555784e-05 -0.0273790633966585 0.00875906339665847
"84" 0.06 0.02584 0.06205 0.0439690909090909 1.62805943361087e-05 5.73324544059836e-06 -0.03621 0.0106338914409136 5.04343327253588e-06 2.75177553996814e-05 -0.0570524272241907 -0.0153675727758093
"85" 0.07 0.02677 0.04493 0.0357745454545455 1.16860826979804e-05 4.56304344864293e-06 -0.01816 0.00969033178715155 2.74251753864025e-06 2.06296478573205e-05 -0.037153050302817 0.000833050302817041
"86" 0.08 0.02496 0.06026 0.0425681818181818 1.78772146624517e-05 5.16451874715578e-06 -0.0353 0.0103267845634133 7.75475791802639e-06 2.7999671406877e-05 -0.0555404977442901 -0.0150595022557099
"87" 0.09 0.02742 0.0543 0.04078 1.04945995510272e-05 2.1291548335963e-06 -0.02688 0.0101469289395761 6.32145607717844e-06 1.46677430248759e-05 -0.0467679807215692 -0.00699201927843084
"88" 0.1 0.03841 0.05747 0.0480127272727273 1.03497262080963e-05 4.47123372018458e-06 -0.01906 0.0105294878871854 1.58610811653456e-06 1.91133442996581e-05 -0.0396977962588833 0.00157779625888333
"89" 0 0.00422 0.01578 0.0100172727272727 6.30879075712115e-06 3.13032688002111e-06 -0.01156 0.00721534591140177 1.73350072279769e-07 1.24442314419625e-05 -0.0257020779863475 0.00258207798634747
"90" 0.01 0.0048 0.01923 0.01191 7.7454461203187e-06 4.65157571480281e-06 -0.01443 0.00718473134006674 -1.37164228069481e-06 1.68625345213322e-05 -0.0285120734265308 -0.000347926573469191
"91" 0.02 0.00725 0.01516 0.0111318181818182 9.17230943785764e-06 2.05252259511739e-06 -0.00791 0.00713989064623423 5.14936515142755e-06 1.31952537242877e-05 -0.0219041856666191 0.00608418566661909
"92" 0.03 0.01999 0.03156 0.0257554545454545 4.78196034902954e-06 3.31003719734245e-06 -0.01157 0.00873589976775046 -1.70571255776165e-06 1.12696332558207e-05 -0.0286923635447909 0.00555236354479091
"93" 0.04 0.01255 0.02415 0.0183290909090909 5.21793005218676e-06 4.00423348864343e-06 -0.0116 0.00797644639409632 -2.63036758555436e-06 1.30662276899279e-05 -0.0272338349324288 0.0040338349324288
"94" 0.05 0.02503 0.04341 0.0342963636363636 5.23021644366564e-06 3.84536300339395e-06 -0.01838 0.00957816243852338 -2.3066950429865e-06 1.27671279303178e-05 -0.0371531983795058 0.00039319837950583
"95" 0.06 0.00998 0.0384 0.0240645454545455 1.31312695739865e-05 3.43629129451913e-06 -0.02842 0.00865465492286415 6.39613863672903e-06 1.9866400511244e-05 -0.0453831236488137 -0.0114568763511863
"96" 0.07 0.01839 0.04006 0.0291481818181818 9.29734463158491e-06 3.04702182403161e-06 -0.02167 0.00910163889792109 3.32518185648296e-06 1.52695074066869e-05 -0.0395092122399253 -0.00383078776007467
"97" 0.08 0.01576 0.05048 0.0329527272727273 2.02913430443087e-05 2.27581402796063e-06 -0.03472 0.00959639650874311 1.58307475495059e-05 2.47519385391116e-05 -0.0535289371571365 -0.0159110628428635
"98" 0.09 0.03631 0.07052 0.0531654545454545 1.58141454717091e-05 7.08875035482345e-06 -0.03421 0.011222273359601 1.92019477625519e-06 2.97080961671631e-05 -0.056205655784818 -0.012214344215182
"99" 0.1 0.03658 0.04834 0.0424245454545455 9.65410115924468e-06 5.08567167947581e-06 -0.01176 0.0102463597665118 -3.13815332527908e-07 1.96220176510173e-05 -0.031842865142363 0.00832286514236305
"100" 0 0.00506 0.01248 0.00879272727272727 5.16453732728087e-06 3.67535537450215e-06 -0.00742 0.00700329316292674 -2.03915920674335e-06 1.23682338613051e-05 -0.0211464545993364 0.0063064545993364
"101" 0.01 0.01249 0.02331 0.0179309090909091 5.06288574767643e-06 4.56647436060283e-06 -0.01082 0.00788451777728134 -3.88740399910511e-06 1.4013175494458e-05 -0.0262736548434714 0.00463365484347142
"102" 0.02 0.00201 0.02412 0.0131854545454545 1.23609482950115e-05 2.95742985571769e-06 -0.02211 0.00732881216694058 6.56438577780485e-06 1.81575108122182e-05 -0.0364744718472035 -0.00774552815279645
"103" 0.03 0.00923 0.02337 0.0162663636363636 5.3350485872991e-06 4.92731520188485e-06 -0.01414 0.00788637635875514 -4.32248920839519e-06 1.49925863829934e-05 -0.0295972976631601 0.00131729766316007
"104" 0.04 0.01084 0.03171 0.0212063636363636 7.52581352180923e-06 1.13887910042261e-06 -0.02087 0.00835722676850541 5.29361048498091e-06 9.75801655863755e-06 -0.0372501644662706 -0.00448983553372939
"105" 0.05 0.01574 0.02836 0.0220690909090909 1.84290349795494e-06 3.29806652227043e-06 -0.01262 0.00845348909914843 -4.6213068856951e-06 8.30711388160497e-06 -0.0291888386343309 0.00394883863433092
"106" 0.06 0.02166 0.04908 0.0353418181818182 1.23158944729997e-05 3.93499642367895e-06 -0.02742 0.00962155798316313 4.603301482589e-06 2.00284874634105e-05 -0.0462782536469997 -0.00856174635300027
"107" 0.07 0.01832 0.06284 0.0404672727272727 2.32142809126804e-05 4.49955054133534e-06 -0.04452 0.0100147142366912 1.43951618516631e-05 3.20333999736977e-05 -0.0641488399039147 -0.0248911600960853
"108" 0.08 0.02748 0.05507 0.04131 1.48144984165668e-05 5.70013822905565e-06 -0.02759 0.0101712200456979 3.64222748761771e-06 2.59867693455158e-05 -0.0475255912895679 -0.00765440871043213
"109" 0.09 0.03409 0.05109 0.0426918181818182 9.7629079312222e-06 5.75208351459492e-06 -0.017 0.010320050082512 -1.51117575738385e-06 2.10369916198282e-05 -0.0372272981617235 0.0032272981617235
"110" 0.1 0.02836 0.06531 0.0467763636363636 1.47507788605506e-05 6.61433141849427e-06 -0.03695 0.0106795867604462 1.78668928030184e-06 2.77148684407994e-05 -0.0578819900504745 -0.0160180099495255
