"slope" "diffinc1" "diffinc1.1" "derivative" "derivative_se" "difference" "difference_se" "devlb" "devub" "difflb" "diffub"
"1" 0 0.00605 0.00605 2.0304358936328e-07 3.46453890025169e-06 -0.00136 0.0067450181015431 -6.58745265513003e-06 6.99353983385659e-06 -0.0145802354790245 0.0118602354790245
"2" 0.01 0.00585 0.00585 3.02249684791591e-06 1.72119884081371e-06 -0.00917 0.00717048475388432 -3.51052880078963e-07 6.39604657591077e-06 -0.0232241501176133 0.00488415011761326
"3" 0.02 0.00658 0.00658 9.10790643891623e-06 3.43440894418299e-06 -0.01596 0.00774088224933697 2.37646490831758e-06 1.58393479695149e-05 -0.0311321292087005 -0.000787870791299532
"4" 0.03 0.00573 0.00573 2.26085269517893e-06 4.07509861660042e-06 -0.0093 0.00716018323738335 -5.72634059335789e-06 1.02480459837158e-05 -0.0233339591452714 0.00473395914527136
"5" 0.04 0.01324 0.01324 1.02299425045945e-05 3.04798941056153e-06 -0.0194 0.00859938192977147 4.25588325989384e-06 1.62040017492951e-05 -0.0362547885823521 -0.00254521141764791
"6" 0.05 0.02248 0.02248 1.05397002087163e-05 4.53118329073598e-06 -0.01368 0.00924139079026303 1.65858095887377e-06 1.94208194585588e-05 -0.0317931259489155 0.00443312594891555
"7" 0.06 0.01329 0.01329 1.01970170200572e-05 4.44882457750165e-06 -0.02842 0.00896174601070097 1.47732084815397e-06 1.89167131919604e-05 -0.0459850221809739 -0.0108549778190261
"8" 0.07 0.02332 0.02332 1.60617375286533e-05 5.06279443308028e-06 -0.03629 0.0100957322605446 6.13866043981597e-06 2.59848146174907e-05 -0.0560776352306674 -0.0165023647693326
"9" 0.08 0.02681 0.02681 1.65105065007278e-05 3.25391172583749e-06 -0.03044 0.0101871959317114 1.01328395180863e-05 2.28881734833693e-05 -0.0504069040261544 -0.0104730959738456
"10" 0.09 0.02762 0.02762 2.04672754030407e-05 3.16279454284955e-06 -0.03165 0.0103730625180352 1.42681980990555e-05 2.66663527070258e-05 -0.051981202535349 -0.011318797464651
"11" 0.1 0.0388 0.0388 1.56401065485304e-05 4.05676735534258e-06 -0.02354 0.0108668358693605 7.6888425320589e-06 2.35913705650018e-05 -0.0448389983039465 -0.00224100169605346
