"prev_1" "prev_2" "prev_R_1" "prev_R_2" "incidence_1" "incidence_2" "inc_rse_1" "inc_rse_2" "delta_inc" "delta_inc_se" "z_statistic" "pvalue"
"1" 0.398332033359333 0.40076 0.0176733443791736 0.0247030641780617 0.01059 0.0205 0.12201 0.07536 -0.00991 0.000201398614379017 -49.2058996063901 0
"2" 0.396572068558629 0.40542 0.0183065207524333 0.0258497360761679 0.01138 0.02253 0.11497 0.07168 -0.01115 0.000207842897897766 -53.646288195445 0
"3" 0.401111977760445 0.40136 0.0186976465895493 0.024965118596771 0.01214 0.02092 0.11035 0.07418 -0.00878 0.000205009370747787 -42.8273106149943 0
"4" 0.401231975360493 0.40046 0.0194397368158708 0.0261199620436498 0.01319 0.02245 0.10366 0.07045 -0.00926 0.00020906717789867 -44.2919835292755 0
"5" 0.398412031759365 0.39732 0.021233873801516 0.0249169435215947 0.01551 0.0205 0.09138 0.0746 -0.00499 0.000208506799685153 -23.9320732347096 1.42035629077372e-126
"6" 0.397432051358973 0.40076 0.0192230273752013 0.0258508833216888 0.01268 0.0221 0.106 0.0716 -0.00942 0.000207615370721919 -45.3723631696671 0
"7" 0.402071958560829 0.39922 0.0198965380023876 0.0242472822002906 0.01387 0.01974 0.09993 0.07669 -0.00587 0.000205252297972012 -28.5989489910628 6.92400799684097e-180
"8" 0.402671946561069 0.3986 0.0194198867587166 0.0258906171600602 0.01324 0.02196 0.10364 0.07102 -0.00872 0.000207732157850478 -41.9771309855477 0
"9" 0.399812003759925 0.4056 0.0187584412985844 0.0248027613412229 0.01216 0.02106 0.10994 0.07486 -0.0089 0.000206706008956168 -43.0563196732576 0
"10" 0.395252094958101 0.399 0.021909629104893 0.0251127819548872 0.01623 0.02092 0.08791 0.07421 -0.00469 0.000210852370335899 -22.2430508726488 1.31690855509319e-109
"11" 0.398292034159317 0.39898 0.0180768265126789 0.0235600781994085 0.01115 0.01877 0.11724 0.07979 -0.00762 0.000198791855935672 -38.3315501740967 0
"12" 0.400251994960101 0.3994 0.0201868785289562 0.0258387581372058 0.01417 0.02196 0.09802 0.07139 -0.00779 0.000209449840361814 -37.192675757323 8.96289579838634e-303
"13" 0.400151996960061 0.4041 0.0202918832467013 0.0240039594159861 0.01431 0.0198 0.09728 0.07781 -0.00549 0.000207640151804564 -26.4399729642238 4.75846631660393e-154
"14" 0.400191996160077 0.40198 0.0168915542228886 0.0232349868152644 0.00959 0.01855 0.1325 0.08098 -0.00896 0.000196752552808496 -45.539434544064 0
"15" 0.398052038959221 0.4051 0.0215042958347988 0.0249321155270304 0.01586 0.0212 0.08984 0.07457 -0.00534 0.00021282450705663 -25.0910953529383 6.22086153431151e-139
"16" 0.397852042959141 0.40352 0.0189011209973357 0.0258723235527359 0.01226 0.02239 0.10885 0.0715 -0.01013 0.000208416067092391 -48.6046980030065 0
"17" 0.399992000159997 0.39848 0.01795 0.0258482232483437 0.01105 0.02189 0.11844 0.07139 -0.01084 0.000203837532405551 -53.1796076614239 0
"18" 0.401251974960501 0.39592 0.0189403379355032 0.0246514447363104 0.01249 0.02002 0.10803 0.07528 -0.00753 0.000202286022181451 -37.2245196123614 2.73839939608754e-303
"19" 0.401531969360613 0.39908 0.0222144742740449 0.0242056730480104 0.01708 0.01967 0.08564 0.0769 -0.00259 0.000210418889446324 -12.3087808647554 8.12410805560498e-35
"20" 0.396532069358613 0.3957 0.0201240732334695 0.0245135203436947 0.01387 0.01981 0.09893 0.07622 -0.00594 0.000204026311205297 -29.1138920510258 2.39477432380408e-186
"21" 0.400591988160237 0.39962 0.0200199700449326 0.0253240578549622 0.01396 0.02126 0.09919 0.07301 -0.0073 0.000208006608311191 -35.0950388512597 8.02400539513689e-270
"22" 0.402791944161117 0.40006 0.0178252234359484 0.0238464230365445 0.011 0.01925 0.1195 0.07818 -0.00825 0.000199820667129929 -41.2870205995039 0
"23" 0.404411911761765 0.4007 0.0190890658226596 0.0260544047916147 0.01287 0.02238 0.10626 0.07037 -0.00951 0.000208578191948219 -45.5944119141705 0
"24" 0.402091958160837 0.40116 0.0195971151454862 0.0265230830591285 0.01346 0.02308 0.10227 0.06919 -0.00962 0.000210831868637658 -45.6287754890282 0
"25" 0.397092058158837 0.39858 0.0163686728783682 0.0254904912439159 0.00874 0.0214 0.14169 0.07278 -0.01266 0.000198980980825012 -63.6241712524952 0
"26" 0.396472070558589 0.3972 0.0183111380145278 0.0260322255790534 0.01138 0.02202 0.11494 0.07113 -0.01064 0.000204062494803886 -52.140889535951 0
"27" 0.397812043759125 0.40402 0.0188527474737318 0.0259393099351517 0.01219 0.02253 0.10931 0.07129 -0.01034 0.000208693279715014 -49.5463965783663 0
"28" 0.396132077358453 0.39644 0.0198919573888019 0.0253758450206841 0.01353 0.02105 0.10071 0.07325 -0.00752 0.000205771477286235 -36.5453954025875 2.11021679475442e-292
"29" 0.401451970960581 0.39386 0.0190803566980521 0.0261514243639872 0.0127 0.02188 0.10673 0.07034 -0.00918 0.000205083965511145 -44.7621537701403 0
"30" 0.399672006559869 0.40018 0.0200160128102482 0.0224399020440802 0.0139 0.0173 0.09934 0.08471 -0.0034 0.00020135344212516 -16.8857307037572 5.73024338183037e-64
"31" 0.399992000159997 0.39882 0.0198 0.0268792939170553 0.01362 0.02334 0.10093 0.06836 -0.00972 0.000210603893365183 -46.1529929228124 0
"32" 0.401171976560469 0.39954 0.018744703125779 0.0229764228863193 0.01221 0.018 0.10988 0.08203 -0.00579 0.000199503240779969 -29.0220849413958 3.46427314612541e-185
"33" 0.399412011759765 0.40302 0.0197286064793951 0.0246637883975981 0.01349 0.02064 0.10156 0.0754 -0.00715 0.000207339200237373 -34.4845547383914 1.36714467535744e-260
"34" 0.399412011759765 0.39964 0.0195283160582845 0.0251226103493144 0.01321 0.02099 0.10317 0.0738 -0.00778 0.000206325549884024 -37.7073998076009 0
"35" 0.402371952560949 0.39834 0.0172473781003032 0.0244012652507908 0.01017 0.01988 0.12698 0.07608 -0.00971 0.000198878004352812 -48.8239010221278 0
"36" 0.401411971760565 0.39974 0.0203776593094514 0.0253664882173413 0.01451 0.02133 0.09653 0.0728 -0.00682 0.000209119191798986 -32.6129799055253 2.68493841899703e-233
"37" 0.399512009759805 0.40042 0.01947336804165 0.0238749313221118 0.01314 0.01932 0.10361 0.07838 -0.00618 0.000203632406166988 -30.3488040844153 2.60544335934308e-202
"38" 0.396932061358773 0.40048 0.0172318234493878 0.0265181781861766 0.00992 0.023 0.12806 0.06964 -0.01308 0.00020443359050232 -63.9816576515665 0
"39" 0.397832043359133 0.40018 0.0187512567866479 0.0264381028537158 0.01205 0.02286 0.11028 0.0698 -0.01081 0.0002076519882462 -52.05825425174 0
"40" 0.399112017759645 0.40056 0.0187913409500902 0.0233672857998802 0.01217 0.01862 0.10972 0.08052 -0.00645 0.000200769856015477 -32.126336732058 1.89087756110252e-226
"41" 0.401491970160597 0.39982 0.0200747198007472 0.0263618628382772 0.01409 0.02272 0.09868 0.06971 -0.00863 0.000210752779678155 -40.9484516084631 0
"42" 0.400671986560269 0.40058 0.0199660577019068 0.0258624993759049 0.01389 0.0221 0.09958 0.07128 -0.00821 0.000209634945077543 -39.1633179142111 0
"43" 0.399012019759605 0.40094 0.0198486291413964 0.0232453733725745 0.01363 0.01848 0.10068 0.08106 -0.00485 0.000203152430617111 -23.8736991000663 5.74684902236478e-126
"44" 0.401531969360613 0.39876 0.020670418887284 0.026181161600963 0.01493 0.02237 0.09455 0.07024 -0.00744 0.000211224741298118 -35.2231464660636 8.84473725735867e-272
"45" 0.397432051358973 0.3999 0.0200785024154589 0.023805951487872 0.01386 0.01918 0.09915 0.07886 -0.00532 0.000204358493368199 -26.0326836057397 2.11331258337638e-149
"46" 0.399752004959901 0.40138 0.0210126075645387 0.0239673127709403 0.01529 0.01952 0.09257 0.07799 -0.00423 0.000207868671029117 -20.3493868463107 4.7011794775556e-92
"47" 0.396512069758605 0.39906 0.0206799152627862 0.024808299503834 0.01463 0.0205 0.09508 0.07515 -0.00587 0.000207564666642499 -28.2803431573942 6.03072373751806e-176
"48" 0.401591968160637 0.402 0.0194223107569721 0.0251243781094527 0.01318 0.0212 0.10376 0.07359 -0.00802 0.000207464420392756 -38.6572308871908 0
"49" 0.399832003359933 0.39918 0.0200580232092837 0.0250012525677639 0.01397 0.02078 0.09901 0.07417 -0.00681 0.000207089787193981 -32.8842870151827 3.68692166916231e-237
"50" 0.404611907761845 0.39964 0.0188819138945183 0.0256230607546792 0.01258 0.02168 0.10812 0.07169 -0.0091 0.00020653489838758 -44.0603504349328 0
"51" 0.402231955360893 0.39908 0.0180986475735879 0.025107747819986 0.01136 0.02092 0.11643 0.07359 -0.00956 0.000202964483054915 -47.1018370116185 0
"52" 0.400851982960341 0.40348 0.0203562340966921 0.023644294636661 0.01444 0.01924 0.09675 0.07918 -0.0048 0.000206703237304069 -23.2216972632073 2.74914467454324e-119
"53" 0.398432031359373 0.39992 0.0198775223371147 0.0245549109821964 0.01364 0.02022 0.10053 0.07589 -0.00658 0.000205789865619041 -31.9743636558903 2.47785603379265e-224
"54" 0.397472050558989 0.40196 0.0200261648384824 0.0265698079410887 0.01379 0.02322 0.09953 0.06945 -0.00943 0.00021176354439541 -44.5307997980619 0
"55" 0.401211975760485 0.4037 0.0190419221374807 0.0249690364131781 0.01263 0.02113 0.10711 0.07416 -0.0085 0.000207015879904927 -41.0596520610093 0
"56" 0.395552088958221 0.39804 0.020224491859642 0.0257763038890564 0.01395 0.02175 0.09832 0.07201 -0.0078 0.000208188017508267 -37.4661332258965 3.28088827842527e-307
"57" 0.398512029759405 0.39694 0.018920004014855 0.0244873280596564 0.01232 0.01988 0.10859 0.07613 -0.00756 0.000201999019506947 -37.4259242369243 1.4803348685927e-306
"58" 0.402711945761085 0.40258 0.0184743742550656 0.0237468329276169 0.01191 0.01931 0.11235 0.07858 -0.0074 0.000202309720262777 -36.5775801102798 6.49982990130191e-293
"59" 0.402411951760965 0.39814 0.0200288256050892 0.0248153915708042 0.01408 0.02043 0.0989 0.07458 -0.00635 0.000206413616572172 -30.7634743552867 8.0756133971234e-208
"60" 0.401731965360693 0.4012 0.0204609946731717 0.0250747756729811 0.01464 0.02106 0.09592 0.07375 -0.00642 0.000209387760943147 -30.6608178581324 1.89613095872726e-206
"61" 0.398432031359373 0.39842 0.0189739985945186 0.0250489433261382 0.01239 0.02078 0.1081 0.07414 -0.00839 0.000204142618352309 -41.0987184729872 0
"62" 0.402411951760965 0.39772 0.0190348392227026 0.0256964698783063 0.01268 0.02161 0.10701 0.07165 -0.00893 0.000205877381931734 -43.3753330074941 0
"63" 0.399152016959661 0.4032 0.0203427197113939 0.0249503968253968 0.01432 0.02106 0.09705 0.07441 -0.00674 0.000209455115514068 -32.1787318655739 3.50210200762187e-227
"64" 0.397352052958941 0.40016 0.0187739077914234 0.0235905637744902 0.01206 0.0189 0.11013 0.07975 -0.00684 0.000200895685134894 -34.0475207091043 4.41660387348752e-254
"65" 0.400931981360373 0.40356 0.0203022896193944 0.0250768163346219 0.01437 0.02127 0.09711 0.07381 -0.0069 0.000210048708549141 -32.8495235588928 1.1569992049049e-236
"66" 0.395272094558109 0.4001 0.0210483707751467 0.0249437640589853 0.01506 0.02078 0.09287 0.07479 -0.00572 0.00020908092659263 -27.3578278670285 8.71496647434875e-165
"67" 0.397472050558989 0.40048 0.0192210928851766 0.0261685976827807 0.01268 0.02252 0.10602 0.07063 -0.00984 0.000208259495374466 -47.2487460046273 0
"68" 0.398772024559509 0.40114 0.0179547620241737 0.0259261105848332 0.011 0.02224 0.11857 0.07125 -0.01124 0.00020523346201095 -54.7668976095151 0
"69" 0.400771984560309 0.39906 0.0208593243175807 0.023856061745101 0.01514 0.01918 0.09341 0.07833 -0.00404 0.000206328692938406 -19.5804080492383 2.2719327177686e-85
"70" 0.402611947761045 0.40324 0.0193234315235209 0.0250967165955758 0.0131 0.02127 0.10446 0.07359 -0.00817 0.000207909268521451 -39.2959874184592 0
"71" 0.401691966160677 0.40186 0.0177246701518546 0.0253322052456079 0.01081 0.02147 0.12087 0.07289 -0.01066 0.000203869542201256 -52.2883403028229 0
"72" 0.405131897362053 0.40118 0.0176729031939576 0.02542499626103 0.01089 0.02154 0.121 0.07228 -0.01065 0.000203967630294256 -52.2141674374294 0
"73" 0.400611987760245 0.40014 0.0207178872747242 0.0258409556655171 0.01493 0.02203 0.09434 0.07135 -0.0071 0.000211057909182639 -33.6400565489163 4.35798662538334e-248
"74" 0.398332033359333 0.40154 0.0191795953205804 0.025153160332719 0.01267 0.0212 0.10626 0.07379 -0.00853 0.000206391535442364 -41.3292143096734 0
"75" 0.402971940561189 0.4013 0.0193061690406472 0.0232245203089958 0.0131 0.01848 0.10456 0.08075 -0.00538 0.000202559043671123 -26.5601569917314 1.9603118172932e-155
"76" 0.402031959360813 0.4002 0.0197492786787384 0.0254372813593203 0.01367 0.02147 0.10107 0.07251 -0.0078 0.000208146272146049 -37.4736473518345 2.47529721271722e-307
"77" 0.400811983760325 0.3972 0.0188613342647572 0.0225579053373615 0.01236 0.01725 0.10882 0.08402 -0.00489 0.000197728774265559 -24.730846677037 4.98347687962557e-135
"78" 0.402771944561109 0.40226 0.0199116142807488 0.0254561726246706 0.01394 0.02168 0.09973 0.07239 -0.00774 0.000209662127285342 -36.9165385289933 2.50870279146501e-298
"79" 0.402011959760805 0.40626 0.0167653350579573 0.0260916654359277 0.00948 0.02295 0.13417 0.07046 -0.01347 0.000205734861808289 -65.4726179200093 0
"80" 0.396352072958541 0.40042 0.0209910182662226 0.0247240397582538 0.01504 0.0205 0.0931 0.07547 -0.00546 0.000208668492072977 -26.1659052871791 6.49703167383258e-151
"81" 0.400391992160157 0.40034 0.018981018981019 0.0251785981915372 0.0125 0.02113 0.10777 0.07352 -0.00863 0.000205621944824154 -41.9702284567937 0
"82" 0.404051918961621 0.3998 0.0197495421472059 0.0258129064532266 0.01378 0.02196 0.10082 0.07114 -0.00818 0.00020906290199611 -39.1269800710611 0
"83" 0.400891982160357 0.40242 0.0196058867548017 0.0259430445802892 0.0134 0.02238 0.10235 0.07101 -0.00898 0.000209917925343084 -42.778624004231 0
"84" 0.399592008159837 0.39846 0.0204704704704705 0.0263514530944135 0.01453 0.02258 0.09611 0.0699 -0.00805 0.000210744278957577 -38.1979527027658 0
"85" 0.397692046159077 0.39918 0.0191098818204677 0.0260033067788967 0.01254 0.02217 0.10697 0.07111 -0.00963 0.000206996227884233 -46.5225869013699 0
"86" 0.400771984560309 0.3966 0.0195119516941963 0.024256177508825 0.01326 0.01953 0.10313 0.07678 -0.00627 0.000202943516274701 -30.8952959675392 1.38152472997406e-209
"87" 0.397452050958981 0.39826 0.018819503849444 0.025310098930347 0.01213 0.02112 0.10968 0.07334 -0.00899 0.000204186941819579 -44.0282807504098 0
"88" 0.397372052558949 0.40434 0.0207861492777694 0.0242370282435574 0.01483 0.02015 0.09428 0.07717 -0.00532 0.000209113243619863 -25.4407607471815 8.93370755814997e-143
"89" 0.397612047759045 0.39888 0.0184598360243449 0.0270256718812675 0.01164 0.02355 0.11322 0.06816 -0.01191 0.000207686641631874 -57.3460089027323 0
"90" 0.401471970560589 0.39848 0.0191292218790475 0.0235896406344108 0.01277 0.01877 0.10629 0.07935 -0.006 0.000201510233271741 -29.7751627923971 8.19351305210086e-195
"91" 0.397892042159157 0.3996 0.0194018597637597 0.0276776776776777 0.01295 0.02453 0.10441 0.06642 -0.01158 0.000211725338366786 -54.6935009731295 0
"92" 0.400131997360053 0.4017 0.0186934572899485 0.0252427184466019 0.01209 0.02134 0.11052 0.07332 -0.00925 0.000205755219419476 -44.9563322189261 0
"93" 0.396272074558509 0.39888 0.0181689714343394 0.0247192137986362 0.01118 0.02036 0.11651 0.07549 -0.00918 0.000201469992799131 -45.5650981689993 0
"94" 0.399632007359853 0.399 0.0192172955660094 0.026015037593985 0.01279 0.02217 0.10576 0.0709 -0.00938 0.000207375000051722 -45.2320674992671 0
"95" 0.404071918561629 0.39684 0.0202435161354187 0.0257030541276081 0.01448 0.02154 0.09715 0.07149 -0.00706 0.000208570618710622 -33.8494465023153 3.69787827744849e-251
"96" 0.401091978160437 0.39586 0.0192470705559711 0.0243520436517961 0.01291 0.01961 0.10531 0.07639 -0.0067 0.000202297048447989 -33.1196132192832 1.55147459894367e-240
"97" 0.399472010559789 0.4025 0.0206768799439271 0.0225093167701863 0.01481 0.01757 0.09474 0.0844 -0.00276 0.000204149554560973 -13.519500475695 1.19987756111338e-41
"98" 0.399792004159917 0.3995 0.0194597298649325 0.0241301627033792 0.01314 0.0196 0.10368 0.07735 -0.00646 0.00020382467011054 -31.6939063190759 1.88506582591329e-220
"99" 0.403691926161477 0.39676 0.0195689868714392 0.0265651779413247 0.01351 0.02271 0.10229 0.06894 -0.0092 0.000208828674158679 -44.0552526470065 0
"100" 0.400111997760045 0.40206 0.0184944516645007 0.022086255782719 0.01181 0.01694 0.11251 0.08645 -0.00513 0.000197742511973693 -25.9428281192386 2.1907883624364e-148
