"iterations" "prev_intercept" "prev_intercept_se" "prev_gradient" "prev_gradient_se" "rec_intercept" "rec_intercept_se" "rec_gradient" "rec_gradient_se" "glm_prev" "glm_pre_R" "glm_prev_se" "glm_pre_R_se" "glm_incidence" "glm_inc_rse" "inci_prime_o" "pvalue"
"1" 1 0.400065991495988 0.00154922481035076 -0.000354496399724791 0.000536660760911178 0.0504723406837862 0.00109448912560669 0.000878445773695305 0.000379603086136616 0.401838473494612 0.0460801118153097 0.00309956309633534 0.00214305009942192 0.05053 0.06078 2.42453564253143e-06 0.658019189785737
"2" 1 0.400065991495988 0.00154922481035076 -0.000354496399724791 0.000536660760911178 0.0504723406837862 0.00109448912560669 0.000878445773695305 0.000379603086136616 0.400065991495988 0.0504723406837862 0.00154922481035076 0.00109448912560669 0.05627 0.0278 2.42453564253143e-06 0.658019189785737
"3" 1 0.400065991495988 0.00154922481035076 -0.000354496399724791 0.000536660760911178 0.0504723406837862 0.00109448912560669 0.000878445773695305 0.000379603086136616 0.398293509497364 0.0548645695522627 0.00309727981508565 0.00223787272062833 0.06191 0.05153 2.42453564253143e-06 0.658019189785737
"11" 2 0.399706015835697 0.00154899094367778 0.000412101384452489 0.000536579353533352 0.0504637337071288 0.00109491685806322 -0.000250581781747577 0.000378216665771303 0.397645508913434 0.0517166426158667 0.00309661536982479 0.00220067046532647 0.05741 0.05431 -1.27926189378664e-06 0.815329708593016
"21" 2 0.399706015835697 0.00154899094367778 0.000412101384452489 0.000536579353533352 0.0504637337071288 0.00109491685806322 -0.000250581781747577 0.000378216665771303 0.399706015835697 0.0504637337071288 0.00154899094367778 0.00109491685806322 0.05617 0.02782 -1.27926189378664e-06 0.815329708593016
"31" 2 0.399706015835697 0.00154899094367778 0.000412101384452489 0.000536579353533352 0.0504637337071288 0.00109491685806322 -0.000250581781747577 0.000378216665771303 0.401766522757959 0.0492108247983909 0.0030992885103633 0.00216959159026299 0.0549 0.05681 -1.27926189378664e-06 0.815329708593016
"12" 3 0.397266046883906 0.00154736694399953 0.00103241251967471 0.00053600890807573 0.0506977766147919 0.0011007108758966 -8.19288666052686e-05 0.000381029960065062 0.392103984285532 0.0511074209478183 0.00309123933915245 0.0022116793070125 0.05528 0.05534 -2.06492932488314e-06 0.706176596791503
"22" 3 0.397266046883906 0.00154736694399953 0.00103241251967471 0.00053600890807573 0.0506977766147919 0.0011007108758966 -8.19288666052686e-05 0.000381029960065062 0.397266046883906 0.0506977766147919 0.00154736694399953 0.0011007108758966 0.05592 0.02781 -2.06492932488314e-06 0.706176596791503
"32" 3 0.397266046883906 0.00154736694399953 0.00103241251967471 0.00053600890807573 0.0506977766147919 0.0011007108758966 -8.19288666052686e-05 0.000381029960065062 0.402428109482279 0.0502881322817656 0.00309809711656494 0.00218878848473897 0.05656 0.05583 -2.06492932488314e-06 0.706176596791503
"13" 4 0.398945955116132 0.00154848843501112 0.000699065395252873 0.000536402523437815 0.0489481893833849 0.00108016119686025 0.000365728841446408 0.000375681895920659 0.395450628139868 0.0471195451761529 0.00309465967383397 0.00215225576427355 0.05062 0.05941 1.92011615265933e-06 0.725920491761429
"23" 4 0.398945955116132 0.00154848843501112 0.000699065395252873 0.000536402523437815 0.0489481893833849 0.00108016119686025 0.000365728841446408 0.000375681895920659 0.398945955116132 0.0489481893833849 0.00154848843501112 0.00108016119686025 0.05389 0.02848 1.92011615265933e-06 0.725920491761429
"33" 4 0.398945955116132 0.00154848843501112 0.000699065395252873 0.000536402523437815 0.0489481893833849 0.00108016119686025 0.000365728841446408 0.000375681895920659 0.402441282092397 0.050776833590617 0.00309920921000745 0.0021813151752288 0.05725 0.05502 1.92011615265933e-06 0.725920491761429
"14" 5 0.401745989843786 0.00155029652620178 0.000466017160996962 0.000537031219273686 0.0484401881151579 0.00107115547035477 -0.000216583420945985 0.000370590344069567 0.399415904038801 0.0495231052198878 0.00309908335804344 0.00215470521277956 0.0548 0.05603 -4.40432438504756e-06 0.421338415944811
"24" 5 0.401745989843786 0.00155029652620178 0.000466017160996962 0.000537031219273686 0.0484401881151579 0.00107115547035477 -0.000216583420945985 0.000370590344069567 0.401745989843786 0.0484401881151579 0.00155029652620178 0.00107115547035477 0.05382 0.0286 -4.40432438504756e-06 0.421338415944811
"34" 5 0.401745989843786 0.00155029652620178 0.000466017160996962 0.000537031219273686 0.0484401881151579 0.00107115547035477 -0.000216583420945985 0.000370590344069567 0.404076075648771 0.0473572710104279 0.00310203924893511 0.00212575955489856 0.05281 0.05834 -4.40432438504756e-06 0.421338415944811
"15" 6 0.4003959416876 0.00154941651552472 0.000949268754171574 0.000536720455126048 0.0489715798323015 0.00107847709445445 0.000225459730960949 0.000374397095171326 0.395649597916742 0.0478442811774968 0.00309572764356245 0.00215496776772312 0.05165 0.0584 4.73303126194668e-06 0.387525430645081
"25" 6 0.4003959416876 0.00154941651552472 0.000949268754171574 0.000536720455126048 0.0489715798323015 0.00107847709445445 0.000225459730960949 0.000374397095171326 0.4003959416876 0.0489715798323015 0.00154941651552472 0.00107847709445445 0.05425 0.02842 4.73303126194668e-06 0.387525430645081
"35" 6 0.4003959416876 0.00154941651552472 0.000949268754171574 0.000536720455126048 0.0489715798323015 0.00107847709445445 0.000225459730960949 0.000374397095171326 0.405142285458457 0.0500988784871063 0.00310182136519504 0.00216587138358597 0.05694 0.05553 4.73303126194668e-06 0.387525430645081
"16" 7 0.399896004222303 0.00154911682641049 0.000243514294023415 0.00053662392665459 0.0501371529953714 0.00109127330765518 7.49113034263954e-05 0.000377297403415688 0.398678432752186 0.0497625964782395 0.00309742027006575 0.00217723134293599 0.05496 0.05626 1.84849452989779e-06 0.735754120154438
"26" 7 0.399896004222303 0.00154911682641049 0.000243514294023415 0.00053662392665459 0.0501371529953714 0.00109127330765518 7.49113034263954e-05 0.000377297403415688 0.399896004222303 0.0501371529953714 0.00154911682641049 0.00109127330765518 0.05576 0.02794 1.84849452989779e-06 0.735754120154438
"36" 7 0.399896004222303 0.00154911682641049 0.000243514294023415 0.00053662392665459 0.0501371529953714 0.00109127330765518 7.49113034263954e-05 0.000377297403415688 0.40111357569242 0.0505117095125034 0.00309899588370678 0.00218153273515424 0.05657 0.05537 1.84849452989779e-06 0.735754120154438
"17" 8 0.401065978837953 0.00154981676111612 0.00140556661606648 0.000536849791345327 0.0509841877847603 0.001098370246832 0.000151136959912978 0.00038055859483638 0.39403814575762 0.0502285029851954 0.00309504689242627 0.00219913286473743 0.05454 0.05618 -5.39971425602736e-06 0.324216242289166
"27" 8 0.401065978837953 0.00154981676111612 0.00140556661606648 0.000536849791345327 0.0509841877847603 0.001098370246832 0.000151136959912978 0.00038055859483638 0.401065978837953 0.0509841877847603 0.00154981676111612 0.001098370246832 0.05721 0.02757 -5.39971425602736e-06 0.324216242289166
"37" 8 0.401065978837953 0.00154981676111612 0.00140556661606648 0.000536849791345327 0.0509841877847603 0.001098370246832 0.000151136959912978 0.00038055859483638 0.408093811918285 0.0517398725843252 0.00310401895018885 0.00219496953206083 0.05999 0.05413 -5.39971425602736e-06 0.324216242289166
"18" 9 0.399796001862908 0.00154905224447063 -0.000238415758641261 0.000536601577649487 0.0501743603919986 0.0010917881822939 -0.000146054488820973 0.000378241341685358 0.400988080656115 0.0509046328361034 0.0030988500790664 0.00218956406102858 0.05709 0.05506 -3.72825444114788e-06 0.496079872195599
"28" 9 0.399796001862908 0.00154905224447063 -0.000238415758641261 0.000536601577649487 0.0501743603919986 0.0010917881822939 -0.000146054488820973 0.000378241341685358 0.399796001862908 0.0501743603919986 0.00154905224447063 0.0010917881822939 0.05579 0.02793 -3.72825444114788e-06 0.496079872195599
"38" 9 0.399796001862908 0.00154905224447063 -0.000238415758641261 0.000536601577649487 0.0501743603919986 0.0010917881822939 -0.000146054488820973 0.000378241341685358 0.398603923069702 0.0494440879478937 0.00309730795312075 0.00217787458790497 0.0545 0.05671 -3.72825444114788e-06 0.496079872195599
"19" 10 0.401225949815729 0.00154996197043608 -0.0006095226443685 0.000536914005522111 0.0501763518778343 0.0010899188225716 0.000448915718825678 0.000378858869701966 0.404273563037571 0.0479317732837059 0.00310182370019656 0.00215813288247593 0.05366 0.05833 2.21540997551113e-06 0.685867605093285
"29" 10 0.401225949815729 0.00154996197043608 -0.0006095226443685 0.000536914005522111 0.0501763518778343 0.0010899188225716 0.000448915718825678 0.000378858869701966 0.401225949815729 0.0501763518778343 0.00154996197043608 0.0010899188225716 0.05612 0.02788 2.21540997551113e-06 0.685867605093285
"39" 10 0.401225949815729 0.00154996197043608 -0.0006095226443685 0.000536914005522111 0.0501763518778343 0.0010899188225716 0.000448915718825678 0.000378858869701966 0.398178336593886 0.0524209304719626 0.00309794874373108 0.00221246710681999 0.05851 0.05373 2.21540997551113e-06 0.685867605093285
"110" 11 0.397596014536477 0.00154760434293956 0.000611317635150625 0.000536097236893328 0.0499702679903209 0.00109265146343524 0.000359997979797207 0.000378810272420586 0.394539426360724 0.0481702780913349 0.0030931493709208 0.00217215205109923 0.05185 0.05836 -5.96637873969862e-06 0.276027323401465
"210" 11 0.397596014536477 0.00154760434293956 0.000611317635150625 0.000536097236893328 0.0499702679903209 0.00109265146343524 0.000359997979797207 0.000378810272420586 0.397596014536477 0.0499702679903209 0.00154760434293956 0.00109265146343524 0.055 0.02809 -5.96637873969862e-06 0.276027323401465
"310" 11 0.397596014536477 0.00154760434293956 0.000611317635150625 0.000536097236893328 0.0499702679903209 0.00109265146343524 0.000359997979797207 0.000378810272420586 0.40065260271223 0.051770257889307 0.00309719191268091 0.00220099773570254 0.05821 0.05425 -5.96637873969862e-06 0.276027323401465
"111" 12 0.401706001379793 0.0015502458099752 0.00107707672755172 0.00053700549249946 0.0501361879060531 0.00108884292854321 -2.31619704424517e-05 0.000376970233163085 0.396320617742035 0.0502519977582653 0.0030970068508104 0.00218525658284677 0.05509 0.05581 4.93177717678596e-06 0.367907993635808
"211" 12 0.401706001379793 0.0015502458099752 0.00107707672755172 0.00053700549249946 0.0501361879060531 0.00108884292854321 -2.31619704424517e-05 0.000376970233163085 0.401706001379793 0.0501361879060531 0.0015502458099752 0.00108884292854321 0.05618 0.02788 4.93177717678596e-06 0.367907993635808
"311" 12 0.401706001379793 0.0015502458099752 0.00107707672755172 0.00053700549249946 0.0501361879060531 0.00108884292854321 -2.31619704424517e-05 0.000376970233163085 0.407091385017552 0.0500203780538408 0.00310383918034652 0.00216821109390979 0.05729 0.05568 4.93177717678596e-06 0.367907993635808
"112" 13 0.399276007654308 0.00154871618236328 0.000108022361134469 0.000536485556146049 0.0488137171651652 0.0010783583776716 -0.000371431386503649 0.000373006347778021 0.398735895848635 0.0506708740976835 0.00309705709940614 0.00217469881330228 0.05623 0.05501 -1.30858632897109e-05 0.0168898129507444
"212" 13 0.399276007654308 0.00154871618236328 0.000108022361134469 0.000536485556146049 0.0488137171651652 0.0010783583776716 -0.000371431386503649 0.000373006347778021 0.399276007654308 0.0488137171651652 0.00154871618236328 0.0010783583776716 0.05378 0.02852 -1.30858632897109e-05 0.0168898129507444
"312" 13 0.399276007654308 0.00154871618236328 0.000108022361134469 0.000536485556146049 0.0488137171651652 0.0010783583776716 -0.000371431386503649 0.000373006347778021 0.39981611945998 0.046956560232647 0.0030977602469708 0.00213379601343372 0.05132 0.05916 -1.30858632897109e-05 0.0168898129507444
"113" 14 0.401155987673299 0.00154992542538531 -0.00026312809881436 0.000536903948506376 0.0472087569846688 0.00105878277886018 -0.000804849316286638 0.000366560253272125 0.402471628167371 0.051233003566102 0.00310066370520349 0.00215743304122374 0.0579 0.05389 -7.99707783493771e-06 0.144280846138419
"213" 14 0.401155987673299 0.00154992542538531 -0.00026312809881436 0.000536903948506376 0.0472087569846688 0.00105878277886018 -0.000804849316286638 0.000366560253272125 0.401155987673299 0.0472087569846688 0.00154992542538531 0.00105878277886018 0.05196 0.02918 -7.99707783493771e-06 0.144280846138419
"313" 14 0.401155987673299 0.00154992542538531 -0.00026312809881436 0.000536903948506376 0.0472087569846688 0.00105878277886018 -0.000804849316286638 0.000366560253272125 0.399840347179228 0.0431845104032356 0.00309898608125824 0.00207505315165759 0.04609 0.06385 -7.99707783493771e-06 0.144280846138419
"114" 15 0.39811602055771 0.00154795622052031 0.000222198472179403 0.000536221969317076 0.0496347975578989 0.00108851439110096 -0.00032370979419331 0.000376566864137105 0.397005028196813 0.0512533465288654 0.00309515539707594 0.0021931147458391 0.05662 0.05471 -6.52922055144005e-06 0.233243376045714
"214" 15 0.39811602055771 0.00154795622052031 0.000222198472179403 0.000536221969317076 0.0496347975578989 0.00108851439110096 -0.00032370979419331 0.000376566864137105 0.39811602055771 0.0496347975578989 0.00154795622052031 0.00108851439110096 0.05465 0.02821 -6.52922055144005e-06 0.233243376045714
"314" 15 0.39811602055771 0.00154795622052031 0.000222198472179403 0.000536221969317076 0.0496347975578989 0.00108851439110096 -0.00032370979419331 0.000376566864137105 0.399227012918607 0.0480162485869323 0.00309661912545939 0.00215641021819912 0.05267 0.05817 -6.52922055144005e-06 0.233243376045714
"115" 16 0.400535994633727 0.00154952909084654 -0.000237551019239248 0.000536766765166464 0.04920989926358 0.00108080911334524 0.000270242833245994 0.000374355522630036 0.401723749729923 0.04785868509735 0.00309979513823036 0.00214578189556251 0.053 0.05813 -7.41775912223667e-07 0.892274527152583
"215" 16 0.400535994633727 0.00154952909084654 -0.000237551019239248 0.000536766765166464 0.04920989926358 0.00108080911334524 0.000270242833245994 0.000374355522630036 0.400535994633727 0.04920989926358 0.00154952909084654 0.00108080911334524 0.05462 0.02831 -7.41775912223667e-07 0.892274527152583
"315" 16 0.400535994633727 0.00154952909084654 -0.000237551019239248 0.000536766765166464 0.04920989926358 0.00108080911334524 0.000270242833245994 0.000374355522630036 0.39934823953753 0.0505611134298099 0.00309827031053236 0.00217692893816882 0.05622 0.0552 -7.41775912223667e-07 0.892274527152583
"116" 17 0.398576065634733 0.00154823109422752 0.00102789837423902 0.000536308365543795 0.0522351561378702 0.0011145124434315 1.29969327807282e-05 0.000385400658866315 0.393436573763538 0.0521701714739665 0.00309302609477391 0.00223260653643918 0.05702 0.05451 -6.60760097173305e-06 0.2276804247751
"216" 17 0.398576065634733 0.00154823109422752 0.00102789837423902 0.000536308365543795 0.0522351561378702 0.0011145124434315 1.29969327807282e-05 0.000385400658866315 0.398576065634733 0.0522351561378702 0.00154823109422752 0.0011145124434315 0.05835 0.02717 -6.60760097173305e-06 0.2276804247751
"316" 17 0.398576065634733 0.00154823109422752 0.00102789837423902 0.000536308365543795 0.0522351561378702 0.0011145124434315 1.29969327807282e-05 0.000385400658866315 0.403715557505928 0.0523001408017738 0.00309976801824368 0.00221955568060497 0.05971 0.05403 -6.60760097173305e-06 0.2276804247751
"117" 18 0.395506046626631 0.00154621488553156 0.000262594827756935 0.000535618582286842 0.0494818279532558 0.00109050695543869 -0.000256608627184421 0.000377389803512808 0.394193072487847 0.0507648710891779 0.00309151595154991 0.00219433633231374 0.0553 0.05536 -9.85119508510502e-06 0.0720912535413869
"217" 18 0.395506046626631 0.00154621488553156 0.000262594827756935 0.000535618582286842 0.0494818279532558 0.00109050695543869 -0.000256608627184421 0.000377389803512808 0.395506046626631 0.0494818279532558 0.00154621488553156 0.00109050695543869 0.05385 0.02837 -9.85119508510502e-06 0.0720912535413869
"317" 18 0.395506046626631 0.00154621488553156 0.000262594827756935 0.000535618582286842 0.0494818279532558 0.00109050695543869 -0.000256608627184421 0.000377389803512808 0.396819020765416 0.0481987848173337 0.00309329166913492 0.00216435951038177 0.05239 0.05812 -9.85119508510502e-06 0.0720912535413869
"118" 19 0.398646013818689 0.00154830428064133 -0.000207127233577645 0.000536342597609378 0.0500414481417814 0.00109194461949729 -0.000549647154817299 0.000378010564128117 0.399681649986578 0.0527896839158679 0.00309726168920087 0.00220962996866942 0.05939 0.05323 -6.50316954498288e-06 0.235113480515014
"218" 19 0.398646013818689 0.00154830428064133 -0.000207127233577645 0.000536342597609378 0.0500414481417814 0.00109194461949729 -0.000549647154817299 0.000378010564128117 0.398646013818689 0.0500414481417814 0.00154830428064133 0.00109194461949729 0.05534 0.02802 -6.50316954498288e-06 0.235113480515014
"318" 19 0.398646013818689 0.00154830428064133 -0.000207127233577645 0.000536342597609378 0.0500414481417814 0.00109194461949729 -0.000549647154817299 0.000378010564128117 0.397610377650801 0.0472932123676949 0.00309590558965093 0.00215564858807715 0.05132 0.05923 -6.50316954498288e-06 0.235113480515014
"119" 20 0.402815983672946 0.00155095958664011 0.000796771393331558 0.000537257314658755 0.0503942245532543 0.00108996253146597 2.98773568843258e-05 0.000377319708006018 0.398832126706288 0.0502448377688327 0.00309937373180558 0.00218267438685773 0.05566 0.05575 1.20668986150745e-06 0.82563250824955
"219" 20 0.402815983672946 0.00155095958664011 0.000796771393331558 0.000537257314658755 0.0503942245532543 0.00108996253146597 2.98773568843258e-05 0.000377319708006018 0.402815983672946 0.0503942245532543 0.00155095958664011 0.00108996253146597 0.0568 0.02774 1.20668986150745e-06 0.82563250824955
"319" 20 0.402815983672946 0.00155095958664011 0.000796771393331558 0.000537257314658755 0.0503942245532543 0.00108996253146597 2.98773568843258e-05 0.000377319708006018 0.406799840639604 0.0505436113376759 0.00310436867286926 0.0021749660373077 0.05796 0.05517 1.20668986150745e-06 0.82563250824955
"120" 21 0.402355977662534 0.0015506855462709 0.000284224690554722 0.00053716716143656 0.0508525945340068 0.00109526714854645 -0.000444339091697794 0.000379119841378938 0.40093485420976 0.0530742899924957 0.0031004495040687 0.00221363470712342 0.0601 0.05299 -1.85417056592788e-06 0.734973195698142
"220" 21 0.402355977662534 0.0015506855462709 0.000284224690554722 0.00053716716143656 0.0508525945340068 0.00109526714854645 -0.000444339091697794 0.000379119841378938 0.402355977662534 0.0508525945340068 0.0015506855462709 0.00109526714854645 0.05734 0.02757 -1.85417056592788e-06 0.734973195698142
"320" 21 0.402355977662534 0.0015506855462709 0.000284224690554722 0.00053716716143656 0.0508525945340068 0.00109526714854645 -0.000444339091697794 0.000379119841378938 0.403777101115308 0.0486308990755178 0.00310223986271817 0.00216463261158754 0.05454 0.0575 -1.85417056592788e-06 0.734973195698142
"121" 22 0.397146029571565 0.0015473128697769 -0.000338392031354358 0.000535998535152943 0.0491746519075289 0.00108502967157863 -0.000101767827204823 0.000375738959663059 0.398837989728337 0.049683491043553 0.00309572290705222 0.00217253171579168 0.05489 0.05625 3.1605222168375e-07 0.953986053328985
"221" 22 0.397146029571565 0.0015473128697769 -0.000338392031354358 0.000535998535152943 0.0491746519075289 0.00108502967157863 -0.000101767827204823 0.000375738959663059 0.397146029571565 0.0491746519075289 0.0015473128697769 0.00108502967157863 0.0538 0.02844 3.1605222168375e-07 0.953986053328985
"321" 22 0.397146029571565 0.0015473128697769 -0.000338392031354358 0.000535998535152943 0.0491746519075289 0.00108502967157863 -0.000101767827204823 0.000375738959663059 0.395454069414793 0.0486658127715048 0.00309347303221018 0.0021664886361865 0.05273 0.05751 3.1605222168375e-07 0.953986053328985
"122" 23 0.39975600265926 0.00154902750948947 0.000119429312315464 0.000536593379616653 0.0496793059694357 0.00108672542015484 0.000197277794292894 0.000376227296027753 0.399158856097683 0.0486929169979713 0.00309764464188719 0.00216304480866748 0.05359 0.05738 -6.28899745860091e-06 0.250891031756456
"222" 23 0.39975600265926 0.00154902750948947 0.000119429312315464 0.000536593379616653 0.0496793059694357 0.00108672542015484 0.000197277794292894 0.000376227296027753 0.39975600265926 0.0496793059694357 0.00154902750948947 0.00108672542015484 0.05509 0.02814 -6.28899745860091e-06 0.250891031756456
"322" 23 0.39975600265926 0.00154902750948947 0.000119429312315464 0.000536593379616653 0.0496793059694357 0.00108672542015484 0.000197277794292894 0.000376227296027753 0.400353149220837 0.0506656949409002 0.00309841780193036 0.00218186396164743 0.0566 0.05518 -6.28899745860091e-06 0.250891031756456
"123" 24 0.39728607289864 0.00154739438794222 0.000733793813594765 0.000536023033447307 0.0509750638517382 0.00110353380892204 -0.000308985933057753 0.000381062550928332 0.393617103830666 0.052519993517027 0.00309230346848549 0.00222265348981333 0.05754 0.05385 -4.64871262818119e-06 0.396037349450901
"223" 24 0.39728607289864 0.00154739438794222 0.000733793813594765 0.000536023033447307 0.0509750638517382 0.00110353380892204 -0.000308985933057753 0.000381062550928332 0.39728607289864 0.0509750638517382 0.00154739438794222 0.00110353380892204 0.05631 0.0277 -4.64871262818119e-06 0.396037349450901
"323" 24 0.39728607289864 0.00154739438794222 0.000733793813594765 0.000536023033447307 0.0509750638517382 0.00110353380892204 -0.000308985933057753 0.000381062550928332 0.400955041966614 0.0494301341864494 0.00309718463475547 0.00218078393819493 0.05502 0.05679 -4.64871262818119e-06 0.396037349450901
"124" 25 0.396606032255638 0.00154695455930855 0.000233548948411319 0.000535874940856041 0.0479573771061679 0.00107294464657644 -0.000192659091045707 0.000372073529509816 0.395438287513582 0.0489206725613964 0.00309310385193787 0.00215941974107129 0.05307 0.05697 2.25660606566029e-06 0.680346337815023
"224" 25 0.396606032255638 0.00154695455930855 0.000233548948411319 0.000535874940856041 0.0479573771061679 0.00107294464657644 -0.000192659091045707 0.000372073529509816 0.396606032255638 0.0479573771061679 0.00154695455930855 0.00107294464657644 0.05201 0.029 2.25660606566029e-06 0.680346337815023
"324" 25 0.396606032255638 0.00154695455930855 0.000233548948411319 0.000535874940856041 0.0479573771061679 0.00107294464657644 -0.000192659091045707 0.000372073529509816 0.397773776997695 0.0469940816509394 0.00309466363117729 0.00213571121156402 0.05094 0.05916 2.25660606566029e-06 0.680346337815023
"125" 26 0.402086012705493 0.00155050141582437 0.000771745567485238 0.000537098918325147 0.0495616153706014 0.00108232635204414 0.000275134375921938 0.000374157845794166 0.398227284868067 0.0481859434909917 0.00309851626739477 0.00215213465954582 0.05268 0.05782 7.69023816836095e-06 0.160314803554022
"225" 26 0.402086012705493 0.00155050141582437 0.000771745567485238 0.000537098918325147 0.0495616153706014 0.00108232635204414 0.000275134375921938 0.000374157845794166 0.402086012705493 0.0495616153706014 0.00155050141582437 0.00108232635204414 0.05546 0.02811 7.69023816836095e-06 0.160314803554022
"325" 26 0.402086012705493 0.00155050141582437 0.000771745567485238 0.000537098918325147 0.0495616153706014 0.00108232635204414 0.000275134375921938 0.000374157845794166 0.405944740542919 0.0509372872502111 0.00310339630484714 0.00217045657646185 0.05832 0.05456 7.69023816836095e-06 0.160314803554022
"126" 27 0.402025980918066 0.00155047594882355 -0.000366620848140335 0.000537094091549417 0.050445631331592 0.00109156312380958 0.000213345662888987 0.00037798703257311 0.403859085158767 0.049378903017147 0.00310208197569967 0.00216906383745456 0.05562 0.05657 -3.50277511749349e-06 0.522494622786974
"226" 27 0.402025980918066 0.00155047594882355 -0.000366620848140335 0.000537094091549417 0.050445631331592 0.00109156312380958 0.000213345662888987 0.00037798703257311 0.402025980918066 0.050445631331592 0.00155047594882355 0.00109156312380958 0.05669 0.02775 -3.50277511749349e-06 0.522494622786974
"326" 27 0.402025980918066 0.00155047594882355 -0.000366620848140335 0.000537094091549417 0.050445631331592 0.00109156312380958 0.000213345662888987 0.00037798703257311 0.400192876677364 0.0515123596460369 0.00309976481537947 0.00219588069239657 0.05774 0.05445 -3.50277511749349e-06 0.522494622786974
"127" 28 0.399536005347466 0.00154888307263352 -0.000291691563259944 0.000536542728608077 0.0504845527121437 0.00109535482411012 0.000247755147940017 0.000379286314625411 0.400994463163765 0.0492457769724436 0.00309868573325559 0.00217549893531781 0.05477 0.05691 -3.11528196264909e-09 0.99954619537354
"227" 28 0.399536005347466 0.00154888307263352 -0.000291691563259944 0.000536542728608077 0.0504845527121437 0.00109535482411012 0.000247755147940017 0.000379286314625411 0.399536005347466 0.0504845527121437 0.00154888307263352 0.00109535482411012 0.05616 0.02782 -3.11528196264909e-09 0.99954619537354
"327" 28 0.399536005347466 0.00154888307263352 -0.000291691563259944 0.000536542728608077 0.0504845527121437 0.00109535482411012 0.000247755147940017 0.000379286314625411 0.398077547531166 0.0517233284518438 0.00309679338235692 0.00220447594383336 0.05753 0.05439 -3.11528196264909e-09 0.99954619537354
"128" 29 0.398236021315721 0.00154802219364824 0.000728510564116343 0.000536240611051271 0.0507392507466649 0.00109963326094287 0.000600969035697632 0.000380693230610491 0.394593468495139 0.0477344055681767 0.00309360515146175 0.00217233969357982 0.05127 0.05901 8.08287756597918e-06 0.140024953669278
"228" 29 0.398236021315721 0.00154802219364824 0.000728510564116343 0.000536240611051271 0.0507392507466649 0.00109963326094287 0.000600969035697632 0.000380693230610491 0.398236021315721 0.0507392507466649 0.00154802219364824 0.00109963326094287 0.05621 0.02775 8.08287756597918e-06 0.140024953669278
"328" 29 0.398236021315721 0.00154802219364824 0.000728510564116343 0.000536240611051271 0.0507392507466649 0.00109963326094287 0.000600969035697632 0.000380693230610491 0.401878574136303 0.053744095925153 0.00309839510681521 0.00222389155861383 0.06127 0.05245 8.08287756597918e-06 0.140024953669278
"129" 30 0.398246040386867 0.0015480231856661 -0.000858562847697962 0.000536239140826069 0.0509885680107487 0.00110218433940347 -0.000530320414879987 0.000381270722850379 0.402538854625357 0.0536401700851487 0.00309881785345577 0.00222301894268863 0.0613 0.05254 -3.06144855240683e-06 0.576208558377525
"229" 30 0.398246040386867 0.0015480231856661 -0.000858562847697962 0.000536239140826069 0.0509885680107487 0.00110218433940347 -0.000530320414879987 0.000381270722850379 0.398246040386867 0.0509885680107487 0.0015480231856661 0.00110218433940347 0.05655 0.02766 -3.06144855240683e-06 0.576208558377525
"329" 30 0.398246040386867 0.0015480231856661 -0.000858562847697962 0.000536239140826069 0.0509885680107487 0.00110218433940347 -0.000530320414879987 0.000381270722850379 0.393953226148377 0.0483369659363488 0.00309316994126049 0.00218086579633928 0.05195 0.05834 -3.06144855240683e-06 0.576208558377525
"130" 31 0.399046013004615 0.00154856229322196 -0.000406161239306928 0.000536430909129776 0.0492943937335413 0.00108371937445552 0.000275691939073824 0.000375085278327868 0.401076819201149 0.0479159340381722 0.00309841944471445 0.00214883265561727 0.05293 0.05812 8.99544708670289e-06 0.100526452142553
"230" 31 0.399046013004615 0.00154856229322196 -0.000406161239306928 0.000536430909129776 0.0492943937335413 0.00108371937445552 0.000275691939073824 0.000375085278327868 0.399046013004615 0.0492943937335413 0.00154856229322196 0.00108371937445552 0.0544 0.02833 8.99544708670289e-06 0.100526452142553
"330" 31 0.399046013004615 0.00154856229322196 -0.000406161239306928 0.000536430909129776 0.0492943937335413 0.00108371937445552 0.000275691939073824 0.000375085278327868 0.39701520680808 0.0506728534289104 0.00309577022889022 0.00218308540469861 0.05583 0.05521 8.99544708670289e-06 0.100526452142553
"131" 32 0.399706002959608 0.00154899344428623 0.000278361064889763 0.000536581028948183 0.0490805238027874 0.00108044114886035 0.000905215059652234 0.000373883232547531 0.398314197635159 0.0445544485045262 0.00309705943278367 0.00211330429706439 0.04769 0.06251 6.70692488959804e-06 0.220767733510791
"231" 32 0.399706002959608 0.00154899344428623 0.000278361064889763 0.000536581028948183 0.0490805238027874 0.00108044114886035 0.000905215059652234 0.000373883232547531 0.399706002959608 0.0490805238027874 0.00154899344428623 0.00108044114886035 0.05425 0.02839 6.70692488959804e-06 0.220767733510791
"331" 32 0.399706002959608 0.00154899344428623 0.000278361064889763 0.000536581028948183 0.0490805238027874 0.00108044114886035 0.000905215059652234 0.000373883232547531 0.401097808284057 0.0536065991010486 0.00309886177201302 0.00220410632214512 0.06088 0.05217 6.70692488959804e-06 0.220767733510791
"132" 33 0.40122598774634 0.00154997185783997 4.39230080544291e-05 0.000536920615727048 0.0516903698763644 0.00110524162258901 0.000791355007673865 0.000382534685688498 0.401006372706068 0.0477335948379951 0.00309978042802018 0.0021689546457714 0.05266 0.05891 1.14324107680056e-05 0.0368677689917782
"232" 33 0.40122598774634 0.00154997185783997 4.39230080544291e-05 0.000536920615727048 0.0516903698763644 0.00110524162258901 0.000791355007673865 0.000382534685688498 0.40122598774634 0.0516903698763644 0.00154997185783997 0.00110524162258901 0.05824 0.02728 1.14324107680056e-05 0.0368677689917782
"332" 33 0.40122598774634 0.00154997185783997 4.39230080544291e-05 0.000536920615727048 0.0516903698763644 0.00110524162258901 0.000791355007673865 0.000382534685688498 0.401445602786612 0.0556471449147338 0.00310006035391094 0.00224842013888262 0.06383 0.05092 1.14324107680056e-05 0.0368677689917782
"133" 34 0.400385996137967 0.00154943408770104 7.76730170128251e-05 0.000536734292865291 0.0491763381941764 0.00108062564869409 0.000459392883857619 0.000374244173401946 0.399997631052903 0.0468793737748883 0.00309859501791283 0.00213729997831675 0.05126 0.05937 -2.17043043247074e-06 0.691915146952979
"233" 34 0.400385996137967 0.00154943408770104 7.76730170128251e-05 0.000536734292865291 0.0491763381941764 0.00108062564869409 0.000459392883857619 0.000374244173401946 0.400385996137967 0.0491763381941764 0.00154943408770104 0.00108062564869409 0.05454 0.02833 -2.17043043247074e-06 0.691915146952979
"333" 34 0.400385996137967 0.00154943408770104 7.76730170128251e-05 0.000536734292865291 0.0491763381941764 0.00108062564869409 0.000459392883857619 0.000374244173401946 0.400774361223031 0.0514733026134645 0.00309909437676652 0.00218412166652491 0.05783 0.05422 -2.17043043247074e-06 0.691915146952979
"134" 35 0.397416039909211 0.00154748962319111 -0.000453566892014259 0.000536058958809069 0.05067760885158 0.00110025998038943 7.78561922501219e-05 0.000380191405378627 0.399683874369282 0.0502883278903293 0.00309645370659923 0.00218916068700088 0.05592 0.05585 4.10350229148087e-06 0.453748695175243
"234" 35 0.397416039909211 0.00154748962319111 -0.000453566892014259 0.000536058958809069 0.05067760885158 0.00110025998038943 7.78561922501219e-05 0.000380191405378627 0.397416039909211 0.05067760885158 0.00154748962319111 0.00110025998038943 0.05593 0.02781 4.10350229148087e-06 0.453748695175243
"334" 35 0.397416039909211 0.00154748962319111 -0.000453566892014259 0.000536058958809069 0.05067760885158 0.00110025998038943 7.78561922501219e-05 0.000380191405378627 0.39514820544914 0.0510668898128306 0.00309344194654261 0.00220363217701406 0.05593 0.0552 4.10350229148087e-06 0.453748695175243
"135" 36 0.400006003150586 0.00154918759075647 -0.000263712811474794 0.000536648350987733 0.050072864266423 0.00109045328373595 -0.000160868105781323 0.000377104416405332 0.40132456720796 0.0508772047953297 0.0030992012270613 0.00218467032219539 0.05713 0.05498 -1.2844657277146e-06 0.814592141165905
"235" 36 0.400006003150586 0.00154918759075647 -0.000263712811474794 0.000536648350987733 0.050072864266423 0.00109045328373595 -0.000160868105781323 0.000377104416405332 0.400006003150586 0.050072864266423 0.00154918759075647 0.00109045328373595 0.0557 0.02797 -1.2844657277146e-06 0.814592141165905
"335" 36 0.400006003150586 0.00154918759075647 -0.000263712811474794 0.000536648350987733 0.050072864266423 0.00109045328373595 -0.000160868105781323 0.000377104416405332 0.398687439093212 0.0492685237375164 0.00309749717801035 0.00217158452632174 0.05428 0.05679 -1.2844657277146e-06 0.814592141165905
"136" 37 0.400265997509053 0.00154935687678056 8.12220638033423e-05 0.000536707541493236 0.0469180182591815 0.00105695374636502 0.000180677950493709 0.000365774495656532 0.399859887190036 0.046014628506713 0.00309842867572007 0.00210336386157878 0.05003 0.05981 3.469842757179e-06 0.526412232010153
"236" 37 0.400265997509053 0.00154935687678056 8.12220638033423e-05 0.000536707541493236 0.0469180182591815 0.00105695374636502 0.000180677950493709 0.000365774495656532 0.400265997509053 0.0469180182591815 0.00154935687678056 0.00105695374636502 0.05137 0.02935 3.469842757179e-06 0.526412232010153
"336" 37 0.400265997509053 0.00154935687678056 8.12220638033423e-05 0.000536707541493236 0.0469180182591815 0.00105695374636502 0.000180677950493709 0.000365774495656532 0.40067210782807 0.0478214080116501 0.00309895183239683 0.00212125245865598 0.05271 0.05755 3.469842757179e-06 0.526412232010153
"137" 38 0.39947602212826 0.00154883348305052 -0.000693229945529174 0.000536522098091225 0.0520656471287449 0.00111151153149772 -0.000140529091457188 0.000384541334430687 0.402942171855906 0.0527682925860308 0.00309987636981452 0.00222313489822797 0.06017 0.05355 -9.18989162602957e-06 0.0933848514789043
"237" 38 0.39947602212826 0.00154883348305052 -0.000693229945529174 0.000536522098091225 0.0520656471287449 0.00111151153149772 -0.000140529091457188 0.000384541334430687 0.39947602212826 0.0520656471287449 0.00154883348305052 0.00111151153149772 0.05834 0.0272 -9.18989162602957e-06 0.0933848514789043
"337" 38 0.39947602212826 0.00154883348305052 -0.000693229945529174 0.000536522098091225 0.0520656471287449 0.00111151153149772 -0.000140529091457188 0.000384541334430687 0.396009872400614 0.0513630016714589 0.00309537314314654 0.00221860065984674 0.05654 0.05518 -9.18989162602957e-06 0.0933848514789043
"138" 39 0.399816030834585 0.00154904764886967 0.000840938387386615 0.000536594314489854 0.0500603951666091 0.00109044014598233 0.000692979448647049 0.000376966809514252 0.395611338897652 0.0465954979233739 0.00309532202319684 0.00214706376447802 0.04994 0.06008 1.09770681517928e-05 0.0450600942112336
"238" 39 0.399816030834585 0.00154904764886967 0.000840938387386615 0.000536594314489854 0.0500603951666091 0.00109044014598233 0.000692979448647049 0.000376966809514252 0.399816030834585 0.0500603951666091 0.00154904764886967 0.00109044014598233 0.05563 0.02797 1.09770681517928e-05 0.0450600942112336
"338" 39 0.399816030834585 0.00154904764886967 0.000840938387386615 0.000536594314489854 0.0500603951666091 0.00109044014598233 0.000692979448647049 0.000376966809514252 0.404020722771518 0.0535252924098444 0.00310076631283168 0.00220758587352182 0.06151 0.05233 1.09770681517928e-05 0.0450600942112336
"139" 40 0.400576000469297 0.0015495538477754 -0.000300151782601149 0.000536775046481695 0.0498788596648464 0.00108769618309507 0.00018683689212016 0.000375829803649671 0.402076759382303 0.0489446752042456 0.00310004542120832 0.00215952312278964 0.0546 0.05693 1.13375958654926e-07 0.983485647798257
"239" 40 0.400576000469297 0.0015495538477754 -0.000300151782601149 0.000536775046481695 0.0498788596648464 0.00108769618309507 0.00018683689212016 0.000375829803649671 0.400576000469297 0.0498788596648464 0.0015495538477754 0.00108769618309507 0.05556 0.02803 1.13375958654926e-07 0.983485647798257
"339" 40 0.400576000469297 0.0015495538477754 -0.000300151782601149 0.000536775046481695 0.0498788596648464 0.00108769618309507 0.00018683689212016 0.000375829803649671 0.399075241556291 0.0508130441254472 0.00309811639016802 0.00218289439074446 0.05651 0.05502 1.13375958654926e-07 0.983485647798257
"140" 41 0.401145993272993 0.00154991941714201 0.000235029981888965 0.000536901986186954 0.0518284350839562 0.00110681562905344 -0.000493002098574756 0.000382120168329959 0.399970843363548 0.0542934455768299 0.0030990623829792 0.00223444213525328 0.06155 0.05207 -8.23778881887883e-06 0.132586414995248
"240" 41 0.401145993272993 0.00154991941714201 0.000235029981888965 0.000536901986186954 0.0518284350839562 0.00110681562905344 -0.000493002098574756 0.000382120168329959 0.401145993272993 0.0518284350839562 0.00154991941714201 0.00110681562905344 0.05841 0.02724 -8.23778881887883e-06 0.132586414995248
"340" 41 0.401145993272993 0.00154991941714201 0.000235029981888965 0.000536901986186954 0.0518284350839562 0.00110681562905344 -0.000493002098574756 0.000382120168329959 0.402321143182437 0.0493634245910824 0.003100564446072 0.0021813163846321 0.05524 0.0569 -8.23778881887883e-06 0.132586414995248
"141" 42 0.401645992379959 0.00155022143293417 -0.000807346206028951 0.000537001446767551 0.0486226756762763 0.00107317829916651 -0.000104189071288259 0.000371579686005006 0.405682723410103 0.0491436210327176 0.00310295605865319 0.00214548680178701 0.0557 0.0563 -4.02101527006661e-06 0.462875412613447
"241" 42 0.401645992379959 0.00155022143293417 -0.000807346206028951 0.000537001446767551 0.0486226756762763 0.00107317829916651 -0.000104189071288259 0.000371579686005006 0.401645992379959 0.0486226756762763 0.00155022143293417 0.00107317829916651 0.05405 0.02853 -4.02101527006661e-06 0.462875412613447
"341" 42 0.401645992379959 0.00155022143293417 -0.000807346206028951 0.000537001446767551 0.0486226756762763 0.00107317829916651 -0.000104189071288259 0.000371579686005006 0.397609261349814 0.048101730319835 0.00309783220524395 0.00214566606431209 0.05243 0.05778 -4.02101527006661e-06 0.462875412613447
"142" 43 0.40192597931228 0.00155041550575441 0.000176453067446409 0.000537074046622346 0.0495366176379782 0.00108232441440481 -0.000173402225691413 0.00037553095363187 0.401043713975048 0.0504036287664352 0.00310024905528414 0.00217723017244901 0.0564 0.05541 -7.02571380426869e-06 0.199600429191789
"242" 43 0.40192597931228 0.00155041550575441 0.000176453067446409 0.000537074046622346 0.0495366176379782 0.00108232441440481 -0.000173402225691413 0.00037553095363187 0.40192597931228 0.0495366176379782 0.00155041550575441 0.00108232441440481 0.05539 0.02812 -7.02571380426869e-06 0.199600429191789
"342" 43 0.40192597931228 0.00155041550575441 0.000176453067446409 0.000537074046622346 0.0495366176379782 0.00108232441440481 -0.000173402225691413 0.00037553095363187 0.402808244649512 0.0486696065095211 0.0031013640311873 0.0021572426634466 0.05438 0.05726 -7.02571380426869e-06 0.199600429191789
"143" 44 0.400146017763164 0.00154927294758347 -0.000502452744865749 0.000536676322979867 0.0511280069537428 0.00110105899534603 -0.000269005095132378 0.000380355421595781 0.402658281487493 0.0524730324294047 0.00310013485967225 0.00220779667163627 0.05969 0.05356 -1.90637638337668e-06 0.727803517325442
"243" 44 0.400146017763164 0.00154927294758347 -0.000502452744865749 0.000536676322979867 0.0511280069537428 0.00110105899534603 -0.000269005095132378 0.000380355421595781 0.400146017763164 0.0511280069537428 0.00154927294758347 0.00110105899534603 0.0572 0.02754 -1.90637638337668e-06 0.727803517325442
"343" 44 0.400146017763164 0.00154927294758347 -0.000502452744865749 0.000536676322979867 0.0511280069537428 0.00110105899534603 -0.000269005095132378 0.000380355421595781 0.397633754038835 0.0497829814780809 0.00309689053187748 0.00218719181052825 0.05475 0.05648 -1.90637638337668e-06 0.727803517325442
"144" 45 0.398146009941088 0.00154796902477366 -0.000554639853602817 0.000536224149239025 0.0485263455463691 0.00107689721349339 0.000165787473876404 0.000373399148813289 0.400919209209102 0.0476974081769871 0.0030977261357789 0.00214291696347925 0.05259 0.05829 -3.11639794073272e-06 0.569380890227751
"244" 45 0.398146009941088 0.00154796902477366 -0.000554639853602817 0.000536224149239025 0.0485263455463691 0.00107689721349339 0.000165787473876404 0.000373399148813289 0.398146009941088 0.0485263455463691 0.00154796902477366 0.00107689721349339 0.05313 0.02869 -3.11639794073272e-06 0.569380890227751
"344" 45 0.398146009941088 0.00154796902477366 -0.000554639853602817 0.000536224149239025 0.0485263455463691 0.00107689721349339 0.000165787473876404 0.000373399148813289 0.395372810673073 0.0493552829157511 0.00309407916873269 0.00216764118830054 0.05365 0.05658 -3.11639794073272e-06 0.569380890227751
"145" 46 0.397516026853423 0.00154755823346411 -0.000344752214761765 0.000536083493527486 0.05139544002431 0.00110746905541816 0.000244931199844628 0.000383370496063251 0.399239787927232 0.0501707840250868 0.00309623053253146 0.00219887602634447 0.05565 0.05624 -2.45064574295814e-06 0.654574319948987
"245" 46 0.397516026853423 0.00154755823346411 -0.000344752214761765 0.000536083493527486 0.05139544002431 0.00110746905541816 0.000244931199844628 0.000383370496063251 0.397516026853423 0.05139544002431 0.00154755823346411 0.00110746905541816 0.05694 0.02752 -2.45064574295814e-06 0.654574319948987
"345" 46 0.397516026853423 0.00154755823346411 -0.000344752214761765 0.000536083493527486 0.05139544002431 0.00110746905541816 0.000244931199844628 0.000383370496063251 0.395792265779614 0.0526200960235331 0.00309394651908801 0.00222857948047052 0.0582 0.05387 -2.45064574295814e-06 0.654574319948987
"146" 47 0.396316037158945 0.00154676166781123 9.64220943590157e-05 0.000535808519089762 0.0508930843241 0.00110398565818317 6.50000701955007e-05 0.000381953641199189 0.39583392668715 0.0505680839731225 0.00309317631475226 0.00220335280660534 0.05541 0.05583 5.33969600833123e-06 0.32962324808763
"246" 47 0.396316037158945 0.00154676166781123 9.64220943590157e-05 0.000535808519089762 0.0508930843241 0.00110398565818317 6.50000701955007e-05 0.000381953641199189 0.396316037158945 0.0508930843241 0.00154676166781123 0.00110398565818317 0.05597 0.02776 5.33969600833123e-06 0.32962324808763
"346" 47 0.396316037158945 0.00154676166781123 9.64220943590157e-05 0.000535808519089762 0.0508930843241 0.00110398565818317 6.50000701955007e-05 0.000381953641199189 0.39679814763074 0.0512180846750775 0.00309382321025849 0.00220844612291958 0.05653 0.05512 5.33969600833123e-06 0.32962324808763
"147" 48 0.401065969474196 0.00154986549973424 0.000404065321790609 0.000536882382801516 0.0497652303714033 0.0010858296473552 0.000196864483392944 0.000377792559849096 0.399045642865243 0.0487809079544386 0.0030984154764766 0.00217125898472339 0.05369 0.05746 7.47377631671012e-07 0.891466026786409
"247" 48 0.401065969474196 0.00154986549973424 0.000404065321790609 0.000536882382801516 0.0497652303714033 0.0010858296473552 0.000196864483392944 0.000377792559849096 0.401065969474196 0.0497652303714033 0.00154986549973424 0.0010858296473552 0.05551 0.02806 7.47377631671012e-07 0.891466026786409
"347" 48 0.401065969474196 0.00154986549973424 0.000404065321790609 0.000536882382801516 0.0497652303714033 0.0010858296473552 0.000196864483392944 0.000377792559849096 0.403086296083149 0.0507495527883681 0.00310098731338826 0.00218633194672622 0.05737 0.05518 7.47377631671012e-07 0.891466026786409
"148" 49 0.395506035753277 0.00154621041784511 -0.000485068960490076 0.000535615570360149 0.0501867733339759 0.00109781713413444 -0.00015620458979967 0.000380826490397381 0.397931380555728 0.0509677962829743 0.00309402569300899 0.00220278156930746 0.05645 0.0553 4.6016508950839e-06 0.400836916219099
"248" 49 0.395506035753277 0.00154621041784511 -0.000485068960490076 0.000535615570360149 0.0501867733339759 0.00109781713413444 -0.00015620458979967 0.000380826490397381 0.395506035753277 0.0501867733339759 0.00154621041784511 0.00109781713413444 0.05482 0.02807 4.6016508950839e-06 0.400836916219099
"348" 49 0.395506035753277 0.00154621041784511 -0.000485068960490076 0.000535615570360149 0.0501867733339759 0.00109781713413444 -0.00015620458979967 0.000380826490397381 0.393080690950827 0.0494057503849776 0.00309075076383022 0.00219307981326194 0.05321 0.05714 4.6016508950839e-06 0.400836916219099
"149" 50 0.397676022595793 0.00154766497115808 -0.000294440923152327 0.000536120751789231 0.0501407682183057 0.0010943570259998 -7.8651136407084e-06 0.000379194644575586 0.399148227211554 0.0501800937865093 0.00309627646013739 0.00218752036902195 0.05565 0.05595 -3.06939928168463e-06 0.575218263568418
"249" 50 0.397676022595793 0.00154766497115808 -0.000294440923152327 0.000536120751789231 0.0501407682183057 0.0010943570259998 -7.8651136407084e-06 0.000379194644575586 0.397676022595793 0.0501407682183057 0.00154766497115808 0.0010943570259998 0.05525 0.02802 -3.06939928168463e-06 0.575218263568418
"349" 50 0.397676022595793 0.00154766497115808 -0.000294440923152327 0.000536120751789231 0.0501407682183057 0.0010943570259998 -7.8651136407084e-06 0.000379194644575586 0.396203817980031 0.0501014426501022 0.00309433011058147 0.00219075743969172 0.05486 0.05614 -3.06939928168463e-06 0.575218263568418
"150" 51 0.401215985486522 0.0015499629044815 0.0003131040276524 0.000536916682906665 0.05012457123907 0.00108936431211799 -0.000375928984805234 0.000377599174029379 0.39965046534826 0.0520042161630962 0.00309890154492764 0.00220109929049089 0.05829 0.05397 -5.41001001400975e-07 0.921320069471643
"250" 51 0.401215985486522 0.0015499629044815 0.0003131040276524 0.000536916682906665 0.05012457123907 0.00108936431211799 -0.000375928984805234 0.000377599174029379 0.401215985486522 0.05012457123907 0.0015499629044815 0.00108936431211799 0.05605 0.02791 -5.41001001400975e-07 0.921320069471643
"350" 51 0.401215985486522 0.0015499629044815 0.0003131040276524 0.000536916682906665 0.05012457123907 0.00108936431211799 -0.000375928984805234 0.000377599174029379 0.402781505624784 0.0482449263150438 0.00310089590998429 0.00215815845892199 0.05377 0.05788 -5.41001001400975e-07 0.921320069471643
"151" 52 0.402195985368496 0.00155058247833705 0.000404553826883213 0.000537130739747004 0.0519108527445229 0.00110614900410335 0.000426471581956136 0.000382488854349509 0.40017321623408 0.0497784948347422 0.00309985808240172 0.00219050378662173 0.05533 0.05656 5.37955960319963e-06 0.326025484516601
"251" 52 0.402195985368496 0.00155058247833705 0.000404553826883213 0.000537130739747004 0.0519108527445229 0.00110614900410335 0.000426471581956136 0.000382488854349509 0.402195985368496 0.0519108527445229 0.00155058247833705 0.00110614900410335 0.05878 0.02717 5.37955960319963e-06 0.326025484516601
"351" 52 0.402195985368496 0.00155058247833705 0.000404553826883213 0.000537130739747004 0.0519108527445229 0.00110614900410335 0.000426471581956136 0.000382488854349509 0.404218754502912 0.0540432106543036 0.00310241252774009 0.00222793864018593 0.0623 0.0522 5.37955960319963e-06 0.326025484516601
"152" 53 0.399416064997381 0.00154875084853453 0.00144987972894679 0.000536479324759774 0.0501989304460948 0.00109232497237397 0.000784576319504829 0.000377802099051545 0.392166666352647 0.0462760488485706 0.0030926838276501 0.00215130740806664 0.04879 0.06071 9.10431764216456e-06 0.0964760217602764
"252" 53 0.399416064997381 0.00154875084853453 0.00144987972894679 0.000536479324759774 0.0501989304460948 0.00109232497237397 0.000784576319504829 0.000377802099051545 0.399416064997381 0.0501989304460948 0.00154875084853453 0.00109232497237397 0.05573 0.02793 9.10431764216456e-06 0.0964760217602764
"352" 53 0.399416064997381 0.00154875084853453 0.00144987972894679 0.000536479324759774 0.0501989304460948 0.00109232497237397 0.000784576319504829 0.000377802099051545 0.406665463642115 0.0541218120436189 0.00310210709334794 0.00221245235630711 0.06304 0.05177 9.10431764216456e-06 0.0964760217602764
"153" 54 0.402045975958976 0.00155049067449748 0.000238515425635578 0.000537099864144648 0.0507161721672078 0.00109429513356839 -0.0002202738914107 0.000379902597875325 0.400853398830799 0.0518175416242613 0.00310020357379982 0.00220498099773191 0.05833 0.05429 -4.02131462429709e-06 0.462842106762518
"253" 54 0.402045975958976 0.00155049067449748 0.000238515425635578 0.000537099864144648 0.0507161721672078 0.00109429513356839 -0.0002202738914107 0.000379902597875325 0.402045975958976 0.0507161721672078 0.00155049067449748 0.00109429513356839 0.05707 0.02764 -4.02131462429709e-06 0.462842106762518
"353" 54 0.402045975958976 0.00155049067449748 0.000238515425635578 0.000537099864144648 0.0507161721672078 0.00109429513356839 -0.0002202738914107 0.000379902597875325 0.403238553087154 0.0496148027101543 0.00310170818543849 0.00217929384709019 0.05581 0.0565 -4.02131462429709e-06 0.462842106762518
"154" 55 0.400875969560601 0.00154973475725125 0.000714626207495559 0.000536834080175439 0.0521824427453348 0.00111073784211965 0.000184898163721911 0.000385343022659181 0.397302838523123 0.0512579519267252 0.00309714308500079 0.00221978842057065 0.0567 0.05534 6.97983957773179e-06 0.202551629704886
"254" 55 0.400875969560601 0.00154973475725125 0.000714626207495559 0.000536834080175439 0.0521824427453348 0.00111073784211965 0.000184898163721911 0.000385343022659181 0.400875969560601 0.0521824427453348 0.00154973475725125 0.00111073784211965 0.05884 0.02711 6.97983957773179e-06 0.202551629704886
"354" 55 0.400875969560601 0.00154973475725125 0.000714626207495559 0.000536834080175439 0.0521824427453348 0.00111073784211965 0.000184898163721911 0.000385343022659181 0.404449100598079 0.0531069335639443 0.003101709500999 0.00222811102311788 0.06103 0.05327 6.97983957773179e-06 0.202551629704886
"155" 56 0.402255811447795 0.00155056755836241 0.00146112226604241 0.000537108629179532 0.050730492823658 0.0010943533047004 -0.000562763630080124 0.000379940676506573 0.394950200117583 0.0535443109740587 0.00309643179015594 0.00223085089177022 0.05926 0.05284 -3.0114436392193e-07 0.956154243618028
"255" 56 0.402255811447795 0.00155056755836241 0.00146112226604241 0.000537108629179532 0.050730492823658 0.0010943533047004 -0.000562763630080124 0.000379940676506573 0.402255811447795 0.050730492823658 0.00155056755836241 0.0010943533047004 0.05714 0.02763 -3.0114436392193e-07 0.956154243618028
"355" 56 0.402255811447795 0.00155056755836241 0.00146112226604241 0.000537108629179532 0.050730492823658 0.0010943533047004 -0.000562763630080124 0.000379940676506573 0.409561422778007 0.0479166746732574 0.00310562612881193 0.00215319959430589 0.05483 0.05822 -3.0114436392193e-07 0.956154243618028
"156" 57 0.399176007234975 0.00154865068470011 0.000166293763074664 0.000536462728490621 0.0524063880283705 0.00111535094946844 0.000306311096720792 0.000386848499301979 0.398344538419602 0.0508748325447666 0.00309673620678579 0.00221851783662792 0.05642 0.05579 2.66010063504126e-06 0.627210427629632
"256" 57 0.399176007234975 0.00154865068470011 0.000166293763074664 0.000536462728490621 0.0524063880283705 0.00111535094946844 0.000306311096720792 0.000386848499301979 0.399176007234975 0.0524063880283705 0.00154865068470011 0.00111535094946844 0.05874 0.02708 2.66010063504126e-06 0.627210427629632
"356" 57 0.399176007234975 0.00154865068470011 0.000166293763074664 0.000536462728490621 0.0524063880283705 0.00111535094946844 0.000306311096720792 0.000386848499301979 0.400007476050349 0.0539379435119745 0.00309781789410002 0.00224694952327233 0.06107 0.05274 2.66010063504126e-06 0.627210427629632
"157" 58 0.400455995846517 0.0015494790309112 8.72131567900166e-05 0.000536749847679421 0.0509420771741629 0.00109876004039628 -0.000371452257617126 0.000379828088561543 0.400019930062567 0.0527993384622485 0.00309865401991677 0.00221335488367253 0.05949 0.0533 -7.5501259483196e-06 0.168069586490388
"257" 58 0.400455995846517 0.0015494790309112 8.72131567900166e-05 0.000536749847679421 0.0509420771741629 0.00109876004039628 -0.000371452257617126 0.000379828088561543 0.400455995846517 0.0509420771741629 0.0015494790309112 0.00109876004039628 0.05701 0.0276 -7.5501259483196e-06 0.168069586490388
"357" 58 0.400455995846517 0.0015494790309112 8.72131567900166e-05 0.000536749847679421 0.0509420771741629 0.00109876004039628 -0.000371452257617126 0.000379828088561543 0.400892061630467 0.0490848158860773 0.00309921502134246 0.00217464393744862 0.05452 0.05712 -7.5501259483196e-06 0.168069586490388
"158" 59 0.40105599796474 0.00154985671805613 -0.000501113311110474 0.000536878567815357 0.0496411528332006 0.00108455610625414 -0.000219167014980173 0.000375221365711003 0.403561564520292 0.0507369879081014 0.0031012812179396 0.00217478218423854 0.05746 0.05492 8.15198035099464e-06 0.136668034384447
"258" 59 0.40105599796474 0.00154985671805613 -0.000501113311110474 0.000536878567815357 0.0496411528332006 0.00108455610625414 -0.000219167014980173 0.000375221365711003 0.40105599796474 0.0496411528332006 0.00154985671805613 0.00108455610625414 0.05534 0.02811 8.15198035099464e-06 0.136668034384447
"358" 59 0.40105599796474 0.00154985671805613 -0.000501113311110474 0.000536878567815357 0.0496411528332006 0.00108455610625414 -0.000219167014980173 0.000375221365711003 0.398550431409187 0.0485453177582997 0.0030980794581863 0.00215925913466783 0.05325 0.05749 8.15198035099464e-06 0.136668034384447
"159" 60 0.396896028879296 0.00154714786106288 -0.000251808844150893 0.000535941824673426 0.0497840938564411 0.00109170462650591 -0.00033107289829633 0.000378589915383803 0.398155073100051 0.0514394583479228 0.00309510832938366 0.00220063725739749 0.05715 0.05465 -2.39134928291949e-06 0.66240816878019
"259" 60 0.396896028879296 0.00154714786106288 -0.000251808844150893 0.000535941824673426 0.0497840938564411 0.00109170462650591 -0.00033107289829633 0.000378589915383803 0.396896028879296 0.0497840938564411 0.00154714786106288 0.00109170462650591 0.05458 0.02819 -2.39134928291949e-06 0.66240816878019
"359" 60 0.396896028879296 0.00154714786106288 -0.000251808844150893 0.000535941824673426 0.0497840938564411 0.00109170462650591 -0.00033107289829633 0.000378589915383803 0.395636984658542 0.0481287293649595 0.00309343165579537 0.00216964279224452 0.05204 0.05836 -2.39134928291949e-06 0.66240816878019
"160" 61 0.401285987592742 0.0015500089915736 0.000205978031968832 0.00053693312828547 0.0486676892192753 0.00107412823801635 8.28684462753981e-05 0.00037194355107836 0.400256097432898 0.0482533469878983 0.00309933701315585 0.00214478817459192 0.05322 0.05754 -1.12245058146867e-06 0.837629319374589
"260" 61 0.401285987592742 0.0015500089915736 0.000205978031968832 0.00053693312828547 0.0486676892192753 0.00107412823801635 8.28684462753981e-05 0.00037194355107836 0.401285987592742 0.0486676892192753 0.0015500089915736 0.00107412823801635 0.05403 0.02852 -1.12245058146867e-06 0.837629319374589
"360" 61 0.401285987592742 0.0015500089915736 0.000205978031968832 0.00053693312828547 0.0486676892192753 0.00107412823801635 8.28684462753981e-05 0.00037194355107836 0.402315877752586 0.0490820314506523 0.00310064913192726 0.00215046201756225 0.05484 0.05652 -1.12245058146867e-06 0.837629319374589
"161" 62 0.397336018316172 0.00154743463051929 0.000528066797926656 0.00053603927630093 0.0527934837200393 0.00112172894433171 0.000687546571115277 0.000388799515759577 0.394695684326538 0.049355750864463 0.00309308452260434 0.00221345121882487 0.0535 0.05771 -2.39064825530335e-06 0.662501007273354
"261" 62 0.397336018316172 0.00154743463051929 0.000528066797926656 0.00053603927630093 0.0527934837200393 0.00112172894433171 0.000687546571115277 0.000388799515759577 0.397336018316172 0.0527934837200393 0.00154743463051929 0.00112172894433171 0.05882 0.027 -2.39064825530335e-06 0.662501007273354
"361" 62 0.397336018316172 0.00154743463051929 0.000528066797926656 0.00053603927630093 0.0527934837200393 0.00112172894433171 0.000687546571115277 0.000388799515759577 0.399976352305805 0.0562312165756157 0.00309658542500405 0.00227495901583519 0.06425 0.05087 -2.39064825530335e-06 0.662501007273354
"162" 63 0.396546035308305 0.00154691471437989 -0.000210827491280384 0.000535861225986905 0.0500812791593291 0.00109528937311 -0.000150694252741975 0.000379167520945851 0.397600172764707 0.050834750423039 0.00309450973492927 0.00219581670993008 0.05619 0.0553 -4.27940416879072e-06 0.434629241953634
"262" 63 0.396546035308305 0.00154691471437989 -0.000210827491280384 0.000535861225986905 0.0500812791593291 0.00109528937311 -0.000150694252741975 0.000379167520945851 0.396546035308305 0.0500812791593291 0.00154691471437989 0.00109528937311 0.05491 0.02808 -4.27940416879072e-06 0.434629241953634
"362" 63 0.396546035308305 0.00154691471437989 -0.000210827491280384 0.000535861225986905 0.0500812791593291 0.00109528937311 -0.000150694252741975 0.000379167520945851 0.395491897851903 0.0493278078956193 0.00309309916481309 0.00218314155406799 0.05364 0.057 -4.27940416879072e-06 0.434629241953634
"163" 64 0.400345996557427 0.00154940851791282 2.01470537897016e-05 0.000536725484180189 0.0512551835758592 0.00110210660826483 -7.51446802389124e-05 0.000381186211857224 0.400245261288478 0.0516309069770538 0.0030987289225902 0.00220561996895004 0.05792 0.05453 -2.58229166765827e-06 0.637318507249738
"263" 64 0.400345996557427 0.00154940851791282 2.01470537897016e-05 0.000536725484180189 0.0512551835758592 0.00110210660826483 -7.51446802389124e-05 0.000381186211857224 0.400345996557427 0.0512551835758592 0.00154940851791282 0.00110210660826483 0.05742 0.02748 -2.58229166765827e-06 0.637318507249738
"363" 64 0.400345996557427 0.00154940851791282 2.01470537897016e-05 0.000536725484180189 0.0512551835758592 0.00110210660826483 -7.51446802389124e-05 0.000381186211857224 0.400446731826375 0.0508794601746647 0.00309885863560884 0.0021976498606543 0.05692 0.05529 -2.58229166765827e-06 0.637318507249738
"164" 65 0.399536000844793 0.00154886577459062 -0.000853395508069355 0.000536531136032444 0.0505551610373816 0.00109605485525214 -0.000167621374831476 0.000379743684256912 0.403802978385139 0.051393267911539 0.00310044706368422 0.00219519302703984 0.05845 0.05457 -2.95955621023705e-06 0.588970302888487
"264" 65 0.399536000844793 0.00154886577459062 -0.000853395508069355 0.000536531136032444 0.0505551610373816 0.00109605485525214 -0.000167621374831476 0.000379743684256912 0.399536000844793 0.0505551610373816 0.00154886577459062 0.00109605485525214 0.05626 0.02779 -2.95955621023705e-06 0.588970302888487
"364" 65 0.399536000844793 0.00154886577459062 -0.000853395508069355 0.000536531136032444 0.0505551610373816 0.00109605485525214 -0.000167621374831476 0.000379743684256912 0.395269023304446 0.0497170541632242 0.00309491217602399 0.00218953496252741 0.05412 0.05663 -2.95955621023705e-06 0.588970302888487
"165" 66 0.40080599219376 0.00154970259274734 0.000200344461890196 0.000536827009016161 0.0494734946006769 0.00108315355453825 0.000322010669745113 0.000375080817568894 0.399804269884309 0.0478634412519513 0.00309873908398231 0.00215031943237983 0.05258 0.05824 8.67889751076811e-06 0.113076798666568
"265" 66 0.40080599219376 0.00154970259274734 0.000200344461890196 0.000536827009016161 0.0494734946006769 0.00108315355453825 0.000322010669745113 0.000375080817568894 0.40080599219376 0.0494734946006769 0.00154970259274734 0.00108315355453825 0.05505 0.02819 8.67889751076811e-06 0.113076798666568
"365" 66 0.40080599219376 0.00154970259274734 0.000200344461890196 0.000536827009016161 0.0494734946006769 0.00108315355453825 0.000322010669745113 0.000375080817568894 0.401807714503211 0.0510835479494024 0.00310002164860151 0.00218102053395994 0.05753 0.05463 8.67889751076811e-06 0.113076798666568
"166" 67 0.399236007324483 0.00154869027171798 8.74687574690658e-05 0.000536476615850203 0.0485924371531265 0.0010760960351253 -6.12636314839935e-05 0.000373321715297147 0.398798663537138 0.0488987553105464 0.00309707274326447 0.00215837966763748 0.05379 0.05697 1.14951271284129e-06 0.833771047072039
"266" 67 0.399236007324483 0.00154869027171798 8.74687574690658e-05 0.000536476615850203 0.0485924371531265 0.0010760960351253 -6.12636314839935e-05 0.000373321715297147 0.399236007324483 0.0485924371531265 0.00154869027171798 0.0010760960351253 0.05347 0.02862 1.14951271284129e-06 0.833771047072039
"366" 67 0.399236007324483 0.00154869027171798 8.74687574690658e-05 0.000536476615850203 0.0485924371531265 0.0010760960351253 -6.12636314839935e-05 0.000373321715297147 0.399673351111829 0.0482861189957065 0.00309764128104925 0.00215077142429737 0.05314 0.05764 1.14951271284129e-06 0.833771047072039
"167" 68 0.400096003514748 0.00154924398110589 0.000362874136485692 0.000536667344503963 0.0488148571401157 0.00107728741029638 -0.000271947453946038 0.000372688692500398 0.398281632832319 0.0501745944098459 0.00309728856868617 0.00216912398188378 0.05544 0.05552 -5.30659377965704e-06 0.332630254253291
"267" 68 0.400096003514748 0.00154924398110589 0.000362874136485692 0.000536667344503963 0.0488148571401157 0.00107728741029638 -0.000271947453946038 0.000372688692500398 0.400096003514748 0.0488148571401157 0.00154924398110589 0.00107728741029638 0.05397 0.0285 -5.30659377965704e-06 0.332630254253291
"367" 68 0.400096003514748 0.00154924398110589 0.000362874136485692 0.000536667344503963 0.0488148571401157 0.00107728741029638 -0.000271947453946038 0.000372688692500398 0.401910374197176 0.0474551198703855 0.00309963050719249 0.00213561245451174 0.05247 0.05846 -5.30659377965704e-06 0.332630254253291
"168" 69 0.401545984529943 0.00155017547823421 1.72089151596695e-05 0.000536991165347281 0.0479641573463704 0.00106638793331462 -4.82074047480172e-05 0.000369863218635858 0.401459939954145 0.0482051943701105 0.00310027308912449 0.00213753723589202 0.05342 0.05742 2.68779275287044e-08 0.996084694831968
"268" 69 0.401545984529943 0.00155017547823421 1.72089151596695e-05 0.000536991165347281 0.0479641573463704 0.00106638793331462 -4.82074047480172e-05 0.000369863218635858 0.401545984529943 0.0479641573463704 0.00155017547823421 0.00106638793331462 0.0531 0.02882 2.68779275287044e-08 0.996084694831968
"368" 69 0.401545984529943 0.00155017547823421 1.72089151596695e-05 0.000536991165347281 0.0479641573463704 0.00106638793331462 -4.82074047480172e-05 0.000369863218635858 0.401632029105741 0.0477231203226304 0.00310038229619178 0.00213195709121852 0.05279 0.05797 2.68779275287044e-08 0.996084694831968
"169" 70 0.400186071010328 0.00154928787488716 -0.000808222192890899 0.000536677988949367 0.0502291357286844 0.00109187417221772 0.000177349165573929 0.000376709039007866 0.404227181974782 0.0493423899008148 0.00310113722059558 0.00216242368351088 0.05565 0.05645 -2.87165117328332e-06 0.600083877878232
"269" 70 0.400186071010328 0.00154928787488716 -0.000808222192890899 0.000536677988949367 0.0502291357286844 0.00109187417221772 0.000177349165573929 0.000376709039007866 0.400186071010328 0.0502291357286844 0.00154928787488716 0.00109187417221772 0.05596 0.0279 -2.87165117328332e-06 0.600083877878232
"369" 70 0.400186071010328 0.00154928787488716 -0.000808222192890899 0.000536677988949367 0.0502291357286844 0.00109187417221772 0.000177349165573929 0.000376709039007866 0.396144960045873 0.0511158815565541 0.00309591617598383 0.002191754373194 0.05623 0.05486 -2.87165117328332e-06 0.600083877878232
"170" 71 0.399816001742976 0.00154906465055011 0.000276644947558231 0.000536605703855001 0.0494726884569369 0.00108451416879699 -7.38595678910608e-05 0.00037570018584597 0.398432777005185 0.0498419862963922 0.00309720848950678 0.00217479668533734 0.05501 0.05609 -2.52186696270269e-06 0.645215152847646
"270" 71 0.399816001742976 0.00154906465055011 0.000276644947558231 0.000536605703855001 0.0494726884569369 0.00108451416879699 -7.38595678910608e-05 0.00037570018584597 0.399816001742976 0.0494726884569369 0.00154906465055011 0.00108451416879699 0.05482 0.02822 -2.52186696270269e-06 0.645215152847646
"370" 71 0.399816001742976 0.00154906465055011 0.000276644947558231 0.000536605703855001 0.0494726884569369 0.00108451416879699 -7.38595678910608e-05 0.00037570018584597 0.401199226480767 0.0491033906174816 0.00309899761635614 0.00216336146409318 0.05462 0.05681 -2.52186696270269e-06 0.645215152847646
"171" 72 0.401745975451186 0.00155029837807542 -0.000385942682314353 0.000537032456429634 0.0502094541505992 0.00108952506750995 0.000517254219315877 0.000377945717219749 0.403675688862757 0.0476231830540198 0.00310178933937848 0.00215195551725916 0.0531 0.05863 3.59738526146498e-06 0.511323794009499
"271" 72 0.401745975451186 0.00155029837807542 -0.000385942682314353 0.000537032456429634 0.0502094541505992 0.00108952506750995 0.000517254219315877 0.000377945717219749 0.401745975451186 0.0502094541505992 0.00155029837807542 0.00108952506750995 0.05629 0.02785 3.59738526146498e-06 0.511323794009499
"371" 72 0.401745975451186 0.00155029837807542 -0.000385942682314353 0.000537032456429634 0.0502094541505992 0.00108952506750995 0.000517254219315877 0.000377945717219749 0.399816262039614 0.0527957252471786 0.00309934605670082 0.00221028628359326 0.05943 0.05324 3.59738526146498e-06 0.511323794009499
"172" 73 0.400625991778823 0.00154958394791393 -0.000404757832472279 0.000536784837012529 0.0503458312594491 0.00109243378139484 1.49381989928977e-05 0.000378589752590155 0.402649780941184 0.0502711402644846 0.00310043571402996 0.00218202510510287 0.05659 0.0557 -1.92996686058785e-06 0.724571477384005
"272" 73 0.400625991778823 0.00154958394791393 -0.000404757832472279 0.000536784837012529 0.0503458312594491 0.00109243378139484 1.49381989928977e-05 0.000378589752590155 0.400625991778823 0.0503458312594491 0.00154958394791393 0.00109243378139484 0.05622 0.02784 -1.92996686058785e-06 0.724571477384005
"372" 73 0.400625991778823 0.00154958394791393 -0.000404757832472279 0.000536784837012529 0.0503458312594491 0.00109243378139484 1.49381989928977e-05 0.000378589752590155 0.398602202616461 0.0504205222544135 0.0030978407429629 0.00218908647898611 0.05585 0.05568 -1.92996686058785e-06 0.724571477384005
"173" 74 0.402835971532708 0.00155098886949326 0.000108850728147316 0.000537272830069652 0.0507166129838617 0.00109318831783504 -0.00069857714723271 0.000378556317417008 0.402291717891971 0.0542094987200252 0.00310161313165538 0.00222185612647082 0.06203 0.05189 -1.42895263962694e-05 0.0090846662421051
"273" 74 0.402835971532708 0.00155098886949326 0.000108850728147316 0.000537272830069652 0.0507166129838617 0.00109318831783504 -0.00069857714723271 0.000378556317417008 0.402835971532708 0.0507166129838617 0.00155098886949326 0.00109318831783504 0.05726 0.02761 -1.42895263962694e-05 0.0090846662421051
"373" 74 0.402835971532708 0.00155098886949326 0.000108850728147316 0.000537272830069652 0.0507166129838617 0.00109318831783504 -0.00069857714723271 0.000378556317417008 0.403380225173444 0.0472237272476981 0.00310229489647254 0.00214912098835371 0.05247 0.05916 -1.42895263962694e-05 0.0090846662421051
"174" 75 0.398676024159785 0.00154832059017979 -0.000407376148830132 0.000536347167959996 0.0509922855420288 0.00110172313178438 -0.000116052015581259 0.00038074190641771 0.400712904903936 0.0515725456199351 0.00309794646336903 0.00220253377390113 0.05795 0.05453 -2.81517098792377e-06 0.607274183024434
"274" 75 0.398676024159785 0.00154832059017979 -0.000407376148830132 0.000536347167959996 0.0509922855420288 0.00110172313178438 -0.000116052015581259 0.00038074190641771 0.398676024159785 0.0509922855420288 0.00154832059017979 0.00110172313178438 0.05666 0.02764 -2.81517098792377e-06 0.607274183024434
"374" 75 0.398676024159785 0.00154832059017979 -0.000407376148830132 0.000536347167959996 0.0509922855420288 0.00110172313178438 -0.000116052015581259 0.00038074190641771 0.396639143415634 0.0504120254641225 0.00309527627829635 0.00219650919828988 0.05538 0.05587 -2.81517098792377e-06 0.607274183024434
"175" 76 0.403515994025343 0.00155140427085667 0.000589059566793947 0.000537413836081381 0.0508315411186659 0.00109350696795587 -0.000312936872470612 0.000377612083431809 0.400570696191373 0.0523962254810189 0.00310093645752866 0.00220190302210626 0.05906 0.05352 -9.12984293468696e-06 0.0955455272968354
"275" 76 0.403515994025343 0.00155140427085667 0.000589059566793947 0.000537413836081381 0.0508315411186659 0.00109350696795587 -0.000312936872470612 0.000377612083431809 0.403515994025343 0.0508315411186659 0.00155140427085667 0.00109350696795587 0.05759 0.02755 -9.12984293468696e-06 0.0955455272968354
"375" 76 0.403515994025343 0.00155140427085667 0.000589059566793947 0.000537413836081381 0.0508315411186659 0.00109350696795587 -0.000312936872470612 0.000377612083431809 0.406461291859312 0.0492668567563128 0.00310460707179177 0.00216163880814093 0.05606 0.05653 -9.12984293468696e-06 0.0955455272968354
"176" 77 0.399456006885445 0.001548823128072 -0.000619425295699193 0.000536519361400348 0.0484944509137586 0.00107481233552568 0.000310382504879038 0.000372215751244994 0.402553133363941 0.0469425383893634 0.00309961865311656 0.00212856961644815 0.05189 0.05904 -3.03599828478148e-07 0.955797099511794
"276" 77 0.399456006885445 0.001548823128072 -0.000619425295699193 0.000536519361400348 0.0484944509137586 0.00107481233552568 0.000310382504879038 0.000372215751244994 0.399456006885445 0.0484944509137586 0.001548823128072 0.00107481233552568 0.05338 0.02866 -3.03599828478148e-07 0.955797099511794
"376" 77 0.399456006885445 0.001548823128072 -0.000619425295699193 0.000536519361400348 0.0484944509137586 0.00107481233552568 0.000310382504879038 0.000372215751244994 0.396358880406949 0.0500463634381537 0.00309559713580841 0.00216953054250773 0.05482 0.0557 -3.03599828478148e-07 0.955797099511794
"177" 78 0.403585964070925 0.00155145709844281 -4.07908007492837e-05 0.000537435115459678 0.051314640001493 0.0010982734061885 0.000224169629059578 0.000380996792949749 0.403789918074672 0.0501937918561951 0.00310301748378398 0.00218729394815881 0.05675 0.05592 -1.55454193315047e-06 0.776552851248093
"277" 78 0.403585964070925 0.00155145709844281 -4.07908007492837e-05 0.000537435115459678 0.051314640001493 0.0010982734061885 0.000224169629059578 0.000380996792949749 0.403585964070925 0.051314640001493 0.00155145709844281 0.0010982734061885 0.05828 0.02735 -1.55454193315047e-06 0.776552851248093
"377" 78 0.403585964070925 0.00155145709844281 -4.07908007492837e-05 0.000537435115459678 0.051314640001493 0.0010982734061885 0.000224169629059578 0.000380996792949749 0.403382010067179 0.0524354881467909 0.00310276423828913 0.00221044835853031 0.05981 0.05366 -1.55454193315047e-06 0.776552851248093
"178" 79 0.401015990974348 0.00154983652298432 0.000229386344362901 0.000536873295076948 0.0522176474523276 0.00111091950565812 -0.000168900106817414 0.000384516720131764 0.399869059252534 0.0530621479864147 0.00309891484628032 0.00223035849548838 0.05982 0.05338 -8.55315331525635e-07 0.87591031274735
"278" 79 0.401015990974348 0.00154983652298432 0.000229386344362901 0.000536873295076948 0.0522176474523276 0.00111091950565812 -0.000168900106817414 0.000384516720131764 0.401015990974348 0.0522176474523276 0.00154983652298432 0.00111091950565812 0.05892 0.02709 -8.55315331525635e-07 0.87591031274735
"378" 79 0.401015990974348 0.00154983652298432 0.000229386344362901 0.000536873295076948 0.0522176474523276 0.00111091950565812 -0.000168900106817414 0.000384516720131764 0.402162922696163 0.0513731469182406 0.00310038062498698 0.00221052950234794 0.05802 0.05496 -8.55315331525635e-07 0.87591031274735
"179" 80 0.402375977018559 0.00155069959357118 0.000163238449570878 0.000537172494776555 0.0488321864968797 0.00107433373723976 0.000632007639119254 0.000371567425012882 0.401559784770705 0.0456721483012835 0.0031008607040184 0.00211395593720839 0.0499 0.06065 -5.52151955087003e-07 0.919703772335513
"279" 80 0.402375977018559 0.00155069959357118 0.000163238449570878 0.000537172494776555 0.0488321864968797 0.00107433373723976 0.000632007639119254 0.000371567425012882 0.402375977018559 0.0488321864968797 0.00155069959357118 0.00107433373723976 0.05451 0.02841 -5.52151955087003e-07 0.919703772335513
"379" 80 0.402375977018559 0.00155069959357118 0.000163238449570878 0.000537172494776555 0.0488321864968797 0.00107433373723976 0.000632007639119254 0.000371567425012882 0.403192169266413 0.051992224692476 0.00310188907127601 0.00217777267409151 0.05914 0.05344 -5.52151955087003e-07 0.919703772335513
"180" 81 0.398026013454014 0.00154788980282272 0.000561753793499411 0.000536196634584717 0.0500684558933427 0.00109309575515243 0.000267824100377806 0.000378906773494407 0.395217244486517 0.0487293353914537 0.00309389437546946 0.00217722062806982 0.05276 0.05769 6.20909950295433e-06 0.256962041264903
"280" 81 0.398026013454014 0.00154788980282272 0.000561753793499411 0.000536196634584717 0.0500684558933427 0.00109309575515243 0.000267824100377806 0.000378906773494407 0.398026013454014 0.0500684558933427 0.00154788980282272 0.00109309575515243 0.05523 0.02804 6.20909950295433e-06 0.256962041264903
"380" 81 0.398026013454014 0.00154788980282272 0.000561753793499411 0.000536196634584717 0.0500684558933427 0.00109309575515243 0.000267824100377806 0.000378906773494407 0.400834782421511 0.0514075763952318 0.00309759339226476 0.00219725832495155 0.05775 0.05461 6.20909950295433e-06 0.256962041264903
"181" 82 0.400545994360648 0.00154953681671368 -8.84319235508629e-05 0.000536769863473132 0.0515785948217205 0.00110510198748792 -0.000268259566743293 0.000383091008105569 0.400988153978402 0.052919892655437 0.00309933371998801 0.00222450302437773 0.0599 0.05341 -9.03562291433108e-06 0.0990162467217545
"281" 82 0.400545994360648 0.00154953681671368 -8.84319235508629e-05 0.000536769863473132 0.0515785948217205 0.00110510198748792 -0.000268259566743293 0.000383091008105569 0.400545994360648 0.0515785948217205 0.00154953681671368 0.00110510198748792 0.05792 0.02735 -9.03562291433108e-06 0.0990162467217545
"381" 82 0.400545994360648 0.00154953681671368 -8.84319235508629e-05 0.000536769863473132 0.0515785948217205 0.00110510198748792 -0.000268259566743293 0.000383091008105569 0.400103834742894 0.0502372969880041 0.00309876644836228 0.00219818632617913 0.05595 0.05614 -9.03562291433108e-06 0.0990162467217545
"182" 83 0.397216027275435 0.00154736223881788 9.24050791127091e-05 0.000536016568209355 0.0518104916363058 0.00111209259011928 -0.000209239882241334 0.000386141600398742 0.396754001879872 0.0528566910475125 0.00309439452898948 0.00223947419540609 0.05876 0.05383 -1.62842102341557e-06 0.766235750875457
"282" 83 0.397216027275435 0.00154736223881788 9.24050791127091e-05 0.000536016568209355 0.0518104916363058 0.00111209259011928 -0.000209239882241334 0.000386141600398742 0.397216027275435 0.0518104916363058 0.00154736223881788 0.00111209259011928 0.05744 0.02737 -1.62842102341557e-06 0.766235750875457
"382" 83 0.397216027275435 0.00154736223881788 9.24050791127091e-05 0.000536016568209355 0.0518104916363058 0.00111209259011928 -0.000209239882241334 0.000386141600398742 0.397678052670999 0.0507642922250992 0.00309500732873859 0.0022166465582117 0.05611 0.05589 -1.62842102341557e-06 0.766235750875457
"183" 84 0.399226013265059 0.00154867201286679 0.000666478190104074 0.000536466482417452 0.0517280131908538 0.00110849577356363 -0.000247823994268493 0.000383757851931404 0.395893622314539 0.0529671331621962 0.00309513420263514 0.00223296688963442 0.0587 0.05356 -4.58003389047984e-06 0.403053175446894
"283" 84 0.399226013265059 0.00154867201286679 0.000666478190104074 0.000536466482417452 0.0517280131908538 0.00110849577356363 -0.000247823994268493 0.000383757851931404 0.399226013265059 0.0517280131908538 0.00154867201286679 0.00110849577356363 0.05781 0.02734 -4.58003389047984e-06 0.403053175446894
"383" 84 0.399226013265059 0.00154867201286679 0.000666478190104074 0.000536466482417452 0.0517280131908538 0.00110849577356363 -0.000247823994268493 0.000383757851931404 0.402558404215579 0.0504888932195113 0.00309947231192982 0.00219883811949937 0.05688 0.05582 -4.58003389047984e-06 0.403053175446894
"184" 85 0.399066029151896 0.00154855509624751 -0.000957146904769718 0.000536421856031012 0.0490396490617035 0.00108104417173138 3.16636431094423e-05 0.000374188696574001 0.403851763675745 0.0488813308461563 0.00310017183262878 0.00215263288038595 0.05491 0.05684 1.22547358521691e-06 0.822962890073101
"284" 85 0.399066029151896 0.00154855509624751 -0.000957146904769718 0.000536421856031012 0.0490396490617035 0.00108104417173138 3.16636431094423e-05 0.000374188696574001 0.399066029151896 0.0490396490617035 0.00154855509624751 0.00108104417173138 0.05405 0.02843 1.22547358521691e-06 0.822962890073101
"384" 85 0.399066029151896 0.00154855509624751 -0.000957146904769718 0.000536421856031012 0.0490396490617035 0.00108104417173138 3.16636431094423e-05 0.000374188696574001 0.394280294628047 0.0491979672772507 0.00309392966335552 0.00216894991111771 0.05319 0.05683 1.22547358521691e-06 0.822962890073101
"185" 86 0.400595993979662 0.0015495683619324 0.000166718742849655 0.000536780617561068 0.0496743528933862 0.00108552192045172 0.000325070462355088 0.000376015640467325 0.399762400265414 0.0480490005816108 0.00309857767281748 0.00215530969445185 0.05283 0.0581 3.66520734553868e-06 0.503393324602971
"285" 86 0.400595993979662 0.0015495683619324 0.000166718742849655 0.000536780617561068 0.0496743528933862 0.00108552192045172 0.000325070462355088 0.000376015640467325 0.400595993979662 0.0496743528933862 0.0015495683619324 0.00108552192045172 0.05528 0.02811 3.66520734553868e-06 0.503393324602971
"385" 86 0.400595993979662 0.0015495683619324 0.000166718742849655 0.000536780617561068 0.0496743528933862 0.00108552192045172 0.000325070462355088 0.000376015640467325 0.40142958769391 0.0512997052051617 0.00309964710758867 0.00218649122897095 0.05774 0.05449 3.66520734553868e-06 0.503393324602971
"186" 87 0.399386001931744 0.00154878590289592 -0.000279259654747209 0.000536509131900045 0.0507772812826543 0.00109855150588128 -2.65177428082978e-05 0.00038128996122739 0.400782300205481 0.0509098699966958 0.00309845140199725 0.00219974546274081 0.05704 0.0553 4.34291931181316e-06 0.427841551777681
"286" 87 0.399386001931744 0.00154878590289592 -0.000279259654747209 0.000536509131900045 0.0507772812826543 0.00109855150588128 -2.65177428082978e-05 0.00038128996122739 0.399386001931744 0.0507772812826543 0.00154878590289592 0.00109855150588128 0.05653 0.0277 4.34291931181316e-06 0.427841551777681
"386" 87 0.399386001931744 0.00154878590289592 -0.000279259654747209 0.000536509131900045 0.0507772812826543 0.00109855150588128 -2.65177428082978e-05 0.00038128996122739 0.397989703658008 0.0506446925686128 0.00309663961191588 0.00220087538219193 0.05602 0.05567 4.34291931181316e-06 0.427841551777681
"187" 88 0.398086017143408 0.0015479366136206 0.000210491696579541 0.000536215223243307 0.0482041551869669 0.00107353870220057 0.000228038500141607 0.000372458580638511 0.397033558660511 0.0470639626862589 0.00309515609456411 0.00213893890057842 0.05088 0.05914 2.73368542949283e-07 0.960194796277015
"287" 88 0.398086017143408 0.0015479366136206 0.000210491696579541 0.000536215223243307 0.0482041551869669 0.00107353870220057 0.000228038500141607 0.000372458580638511 0.398086017143408 0.0482041551869669 0.0015479366136206 0.00107353870220057 0.05268 0.02883 2.73368542949283e-07 0.960194796277015
"387" 88 0.398086017143408 0.0015479366136206 0.000210491696579541 0.000536215223243307 0.0482041551869669 0.00107353870220057 0.000228038500141607 0.000372458580638511 0.399138475626306 0.049344347687675 0.00309654041661829 0.00216013443664973 0.05449 0.0564 2.73368542949283e-07 0.960194796277015
"188" 89 0.399656003410538 0.00154896307001633 -5.34995008758727e-05 0.000536571156672213 0.0518945196108897 0.00110953389873696 0.0003550101320097 0.000384429003629815 0.399923500914917 0.0501194689508411 0.00309807603852196 0.00220080195876527 0.05574 0.05635 2.0183036800256e-06 0.712512754413556
"288" 89 0.399656003410538 0.00154896307001633 -5.34995008758727e-05 0.000536571156672213 0.0518945196108897 0.00110953389873696 0.0003550101320097 0.000384429003629815 0.399656003410538 0.0518945196108897 0.00154896307001633 0.00110953389873696 0.05814 0.02726 2.0183036800256e-06 0.712512754413556
"388" 89 0.399656003410538 0.00154896307001633 -5.34995008758727e-05 0.000536571156672213 0.0518945196108897 0.00110953389873696 0.0003550101320097 0.000384429003629815 0.399388505906159 0.0536695702709382 0.00309772954802589 0.00223783033869381 0.06054 0.05285 2.0183036800256e-06 0.712512754413556
"189" 90 0.401385986129301 0.00155007370664811 5.36001399608045e-05 0.000536955888683787 0.0503743638014999 0.00109164951183573 0.000563022193498112 0.000378025481295128 0.401117985429497 0.0475592528340094 0.00309995356645798 0.00215400884882899 0.05244 0.05878 1.94524207918712e-06 0.722481289789891
"289" 90 0.401385986129301 0.00155007370664811 5.36001399608045e-05 0.000536955888683787 0.0503743638014999 0.00109164951183573 0.000563022193498112 0.000378025481295128 0.401385986129301 0.0503743638014999 0.00155007370664811 0.00109164951183573 0.05644 0.0278 1.94524207918712e-06 0.722481289789891
"389" 90 0.401385986129301 0.00155007370664811 5.36001399608045e-05 0.000536955888683787 0.0503743638014999 0.00109164951183573 0.000563022193498112 0.000378025481295128 0.401653986829105 0.0531894747689905 0.00310029453399155 0.00221106454405326 0.06044 0.05279 1.94524207918712e-06 0.722481289789891
"190" 91 0.402115994550637 0.00155052570252244 -0.000630476597713353 0.000537109049308812 0.0490442698802556 0.00107699669537505 0.000317165702188836 0.000372507590552916 0.405268377539204 0.0474584413693114 0.00310300460568202 0.00213067682091969 0.05321 0.05832 2.36033848910724e-06 0.66651993341955
"290" 91 0.402115994550637 0.00155052570252244 -0.000630476597713353 0.000537109049308812 0.0490442698802556 0.00107699669537505 0.000317165702188836 0.000372507590552916 0.402115994550637 0.0490442698802556 0.00155052570252244 0.00107699669537505 0.05475 0.02833 2.36033848910724e-06 0.66651993341955
"390" 91 0.402115994550637 0.00155052570252244 -0.000630476597713353 0.000537109049308812 0.0490442698802556 0.00107699669537505 0.000317165702188836 0.000372507590552916 0.39896361156207 0.0506300983911998 0.00309902063044963 0.00217213151062962 0.05623 0.055 2.36033848910724e-06 0.66651993341955
"191" 92 0.39933600480175 0.00154874959522094 -0.000468822579688924 0.000536495317594217 0.0487835438212207 0.00107799455596917 0.000314379866106892 0.000373485897144507 0.401680117700195 0.0472116444906863 0.00309899060380031 0.00213651724235341 0.05208 0.05885 5.32604733581978e-06 0.330860953588233
"291" 92 0.39933600480175 0.00154874959522094 -0.000468822579688924 0.000536495317594217 0.0487835438212207 0.00107799455596917 0.000314379866106892 0.000373485897144507 0.39933600480175 0.0487835438212207 0.00154874959522094 0.00107799455596917 0.05375 0.02854 5.32604733581978e-06 0.330860953588233
"391" 92 0.39933600480175 0.00154874959522094 -0.000468822579688924 0.000536495317594217 0.0487835438212207 0.00107799455596917 0.000314379866106892 0.000373485897144507 0.396991891903305 0.0503554431517552 0.00309594398285522 0.00217578132329901 0.05539 0.05544 5.32604733581978e-06 0.330860953588233
"192" 93 0.39987600135201 0.00154910408467272 -0.000229411406309301 0.000536619572099948 0.049613691311643 0.00108587319691623 -0.000254318546825399 0.000376098032801189 0.401023058383557 0.05088528404577 0.00309892428196052 0.00218307153431014 0.05707 0.05493 -5.05719484244012e-06 0.355852691849711
"292" 93 0.39987600135201 0.00154910408467272 -0.000229411406309301 0.000536619572099948 0.049613691311643 0.00108587319691623 -0.000254318546825399 0.000376098032801189 0.39987600135201 0.049613691311643 0.00154910408467272 0.00108587319691623 0.05503 0.02816 -5.05719484244012e-06 0.355852691849711
"392" 93 0.39987600135201 0.00154910408467272 -0.000229411406309301 0.000536619572099948 0.049613691311643 0.00108587319691623 -0.000254318546825399 0.000376098032801189 0.398728944320464 0.048342098577516 0.00309744144141766 0.00215984406601335 0.05301 0.05779 -5.05719484244012e-06 0.355852691849711
"193" 94 0.401805988402298 0.0015503250578708 0.000754974740511473 0.000537038053858252 0.0495950040946576 0.0010830311439455 0.000355124397839369 0.000374951379280949 0.398031114699741 0.0478193821054607 0.00309821293661839 0.00215162108310296 0.05213 0.05834 6.61457163675308e-06 0.227190308272621
"293" 94 0.401805988402298 0.0015503250578708 0.000754974740511473 0.000537038053858252 0.0495950040946576 0.0010830311439455 0.000355124397839369 0.000374951379280949 0.401805988402298 0.0495950040946576 0.0015503250578708 0.0010830311439455 0.05545 0.0281 6.61457163675308e-06 0.227190308272621
"393" 94 0.401805988402298 0.0015503250578708 0.000754974740511473 0.000537038053858252 0.0495950040946576 0.0010830311439455 0.000355124397839369 0.000374951379280949 0.405580862104856 0.0513706260838544 0.00310299625105922 0.00217850096935782 0.05885 0.05421 6.61457163675308e-06 0.227190308272621
"194" 95 0.403185973441996 0.00155119381333111 0.000727479282978674 0.000537339370542447 0.0498561740452311 0.00108397235001029 -0.000248287585231915 0.000375316768496826 0.399548577027103 0.0510976119713907 0.00310007304883267 0.00218475629531593 0.05701 0.05471 -3.75848700804932e-06 0.492593114458113
"294" 95 0.403185973441996 0.00155119381333111 0.000727479282978674 0.000537339370542447 0.0498561740452311 0.00108397235001029 -0.000248287585231915 0.000375316768496826 0.403185973441996 0.0498561740452311 0.00155119381333111 0.00108397235001029 0.05613 0.02795 -3.75848700804932e-06 0.492593114458113
"394" 95 0.403185973441996 0.00155119381333111 0.000727479282978674 0.000537339370542447 0.0498561740452311 0.00108397235001029 -0.000248287585231915 0.000375316768496826 0.406823369856889 0.0486147361190715 0.00310461455605722 0.00214941058827672 0.05521 0.05713 -3.75848700804932e-06 0.492593114458113
"195" 96 0.399776008450682 0.00154903398681136 0.000504264221176101 0.000536593532155008 0.0519039728324031 0.00110948239279418 -4.05005092354684e-05 0.000383991174043213 0.397254687344802 0.0521064753785804 0.00309640243687413 0.0022229968216493 0.05785 0.05436 -1.95990580949118e-06 0.720476721711771
"295" 96 0.399776008450682 0.00154903398681136 0.000504264221176101 0.000536593532155008 0.0519039728324031 0.00110948239279418 -4.05005092354684e-05 0.000383991174043213 0.399776008450682 0.0519039728324031 0.00154903398681136 0.00110948239279418 0.05819 0.02725 -1.95990580949118e-06 0.720476721711771
"395" 96 0.399776008450682 0.00154903398681136 0.000504264221176101 0.000536593532155008 0.0519039728324031 0.00110948239279418 -4.05005092354684e-05 0.000383991174043213 0.402297329556563 0.0517014702862257 0.00309966699357249 0.00221193322185186 0.05852 0.05459 -1.95990580949118e-06 0.720476721711771
"196" 97 0.40205597942005 0.00155049847648566 -3.83252894930124e-05 0.000537103043985975 0.0491469566620077 0.00107810141895255 8.02465114784065e-05 0.000373643582528895 0.402247605867515 0.0487457241046157 0.0031010946485197 0.00215258143711201 0.05436 0.05703 5.1234565488306e-06 0.34958529005307
"296" 97 0.40205597942005 0.00155049847648566 -3.83252894930124e-05 0.000537103043985975 0.0491469566620077 0.00107810141895255 8.02465114784065e-05 0.000373643582528895 0.40205597942005 0.0491469566620077 0.00155049847648566 0.00107810141895255 0.05488 0.02828 5.1234565488306e-06 0.34958529005307
"396" 97 0.40205597942005 0.00155049847648566 -3.83252894930124e-05 0.000537103043985975 0.0491469566620077 0.00107810141895255 8.02465114784065e-05 0.000373643582528895 0.401864352972585 0.0495481892193997 0.00310085262872023 0.00216135948744006 0.05539 0.05615 5.1234565488306e-06 0.34958529005307
"197" 98 0.399596002763529 0.00154891814619214 0.000477057716487668 0.000536553638408177 0.0502057757288557 0.00109242682568044 -0.000565612000691346 0.000378343075513873 0.39721071418109 0.0530338357323125 0.003096258093961 0.0022166468088779 0.05912 0.05311 -1.34127899825364e-05 0.0143339005992653
"297" 98 0.399596002763529 0.00154891814619214 0.000477057716487668 0.000536553638408177 0.0502057757288557 0.00109242682568044 -0.000565612000691346 0.000378343075513873 0.399596002763529 0.0502057757288557 0.00154891814619214 0.00109242682568044 0.05579 0.02793 -1.34127899825364e-05 0.0143339005992653
"397" 98 0.399596002763529 0.00154891814619214 0.000477057716487668 0.000536553638408177 0.0502057757288557 0.00109242682568044 -0.000565612000691346 0.000378343075513873 0.401981291345967 0.047377715725399 0.00309935009433271 0.00215184660305718 0.05238 0.059 -1.34127899825364e-05 0.0143339005992653
"198" 99 0.401195989183707 0.0015499516015702 0.000210054513983356 0.000536913232918631 0.0496233627120411 0.001084134561946 0.000647429568319508 0.000375016319655726 0.40014571661379 0.0463862148704436 0.00309920830296741 0.00213356417310462 0.0506 0.06004 1.09267538796866e-05 0.0460530103189217
"298" 99 0.401195989183707 0.0015499516015702 0.000210054513983356 0.000536913232918631 0.0496233627120411 0.001084134561946 0.000647429568319508 0.000375016319655726 0.401195989183707 0.0496233627120411 0.0015499516015702 0.001084134561946 0.05535 0.02811 1.09267538796866e-05 0.0460530103189217
"398" 99 0.401195989183707 0.0015499516015702 0.000210054513983356 0.000536913232918631 0.0496233627120411 0.001084134561946 0.000647429568319508 0.000375016319655726 0.402246261753624 0.0528605105536386 0.00310054814724667 0.00219783107095663 0.06013 0.05288 1.09267538796866e-05 0.0460530103189217
"199" 100 0.401495981961157 0.00155014036730863 -0.000353516435513264 0.000536977925204018 0.0503648743731922 0.00109145623130295 0.000510633826835579 0.00037829998690974 0.403263564138724 0.0478117052390143 0.00310137516838408 0.00215521239946842 0.05327 0.05844 6.07030835539884e-06 0.26774886808502
"299" 100 0.401495981961157 0.00155014036730863 -0.000353516435513264 0.000536977925204018 0.0503648743731922 0.00109145623130295 0.000510633826835579 0.00037829998690974 0.401495981961157 0.0503648743731922 0.00155014036730863 0.00109145623130295 0.05645 0.0278 6.07030835539884e-06 0.26774886808502
"399" 100 0.401495981961157 0.00155014036730863 -0.000353516435513264 0.000536977925204018 0.0503648743731922 0.00109145623130295 0.000510633826835579 0.00037829998690974 0.399728399783591 0.05291804350737 0.00309913003752193 0.00221204812960141 0.05958 0.05313 6.07030835539884e-06 0.26774886808502
