"prev_1" "prev_2" "prev_R_1" "prev_R_2" "incidence_1" "incidence_2" "inc_rse_1" "inc_rse_2" "delta_inc" "delta_inc_se" "z_statistic" "pvalue"
"1" 0.399552008959821 0.40058 0.0485534087496246 0.0523740576164561 0.05348 0.05904 0.04049 0.0383 -0.00556 0.00313083851995133 -1.77588207266801 0.0757523563910221
"2" 0.399252014959701 0.40016 0.0510945248710114 0.0498300679728109 0.05694 0.05539 0.03901 0.03973 0.00155 0.00312677104103618 0.495719059584978 0.620092637959264
"3" 0.395412091758165 0.39912 0.0513378180162865 0.0500601322910403 0.05636 0.05547 0.03905 0.03978 0.000890000000000002 0.00311654367710378 0.285572766567829 0.775205364305919
"4" 0.397792044159117 0.4001 0.0477124183006536 0.0501874531367158 0.05193 0.05588 0.04111 0.03959 -0.00395 0.00307437394444884 -1.28481442770884 0.198857139411643
"5" 0.399552008959821 0.40394 0.0497046751426569 0.0471852255285438 0.05508 0.05254 0.03979 0.04136 0.00253999999999999 0.00308632815959379 0.82298442312573 0.41051685157587
"6" 0.398672026559469 0.40212 0.0480084278117789 0.049935342683776 0.05253 0.056 0.04087 0.03969 -0.00347 0.0030901962563535 -1.12290602671776 0.261477407664186
"7" 0.398772024559509 0.40102 0.0485982245849842 0.0516682459727694 0.05337 0.05816 0.0405 0.03871 -0.00479 0.00312100953090534 -1.53475981171084 0.12484283784474
"8" 0.398272034559309 0.40386 0.0509189514914131 0.0510572970831476 0.05646 0.05799 0.03915 0.03907 -0.00153 0.0031653065134744 -0.483365510887156 0.628836232272026
"9" 0.399432011359773 0.40016 0.0500700981373923 0.0502798880447821 0.05556 0.05602 0.03958 0.03946 -0.000460000000000002 0.00311807853657019 -0.147526752326768 0.882716265440805
"10" 0.403151936961261 0.3993 0.0480702450639944 0.0522915101427498 0.05361 0.05861 0.04061 0.03818 -0.005 0.00312205192327617 -1.60151084058627 0.109263820909978
"11" 0.396232075358493 0.39896 0.0493640218049667 0.0505815119310207 0.05386 0.05616 0.04015 0.03944 -0.0023 0.00309553237745968 -0.743006281164301 0.457477877632993
"12" 0.397332053358933 0.40608 0.0500327175718528 0.0502364066193853 0.05502 0.05735 0.0397 0.03958 -0.00233 0.00315018178935835 -0.739639854395383 0.459518552081296
"13" 0.398552028959421 0.4 0.0500301083902047 0.0476 0.0553 0.05226 0.03965 0.04114 0.00304 0.00307084526093093 0.989955449294902 0.322195895026773
"14" 0.402911941761165 0.3994 0.0489923558026407 0.0454181271907862 0.05485 0.0491 0.04005 0.04241 0.00575000000000001 0.00302684324088104 1.89966890995198 0.0574765827870129
"15" 0.396992060158797 0.39924 0.0505793450881612 0.048692515779982 0.0557 0.05361 0.0394 0.04052 0.00209 0.00308787461047884 0.676840954910376 0.498506870087713
"16" 0.401171976560469 0.3999 0.0482576399621118 0.0501625406351588 0.05343 0.0558 0.04059 0.03945 -0.00237 0.00309016637141784 -0.766948997284115 0.443111840227375
"17" 0.395612087758245 0.40154 0.0520701683433598 0.0523982666733078 0.05741 0.05931 0.03865 0.03847 -0.0019 0.00318268038154238 -0.596981088964776 0.550520006572548
"18" 0.395012099758005 0.396 0.0496177408738798 0.0493434343434343 0.05393 0.05378 0.04006 0.04022 0.000149999999999997 0.00305715366779627 0.0490652470564634 0.960867298865393
"19" 0.399652006959861 0.39764 0.0515438122404043 0.04853636455085 0.05766 0.05303 0.03874 0.04049 0.00463 0.00309839217182342 1.49432342429242 0.135091105538569
"20" 0.401011979760405 0.40462 0.0496733330008478 0.0511096831595077 0.05537 0.05824 0.03974 0.03891 -0.00287 0.00315864994671347 -0.908616037996294 0.363552837805768
"21" 0.401731965360693 0.40298 0.0521232638024593 0.0495806243486029 0.05897 0.0557 0.03833 0.03976 0.00327 0.00316443389090182 1.03336018786858 0.301435370331333
"22" 0.397632047359053 0.39666 0.0481842872950407 0.0501689104018555 0.05255 0.05506 0.04081 0.03961 -0.00251 0.00305869286107282 -0.820611978385967 0.41186732253345
"23" 0.400111997760045 0.3994 0.0476357092872138 0.0517275913870806 0.05233 0.05785 0.04104 0.03862 -0.00552 0.00309899783689296 -1.78122099160105 0.0748763556780735
"24" 0.393392132157357 0.40118 0.0520081342145399 0.0499526397128471 0.05679 0.0558 0.03878 0.03993 0.000989999999999998 0.00313282612310649 0.316008600891747 0.751995979842519
"25" 0.396792064158717 0.39642 0.0487903225806452 0.0471217395691438 0.0532 0.05083 0.04047 0.04154 0.00237 0.00301558724183056 0.785916576089946 0.431916362742696
"26" 0.401651966960661 0.40252 0.0488472837723448 0.0502832157408328 0.05436 0.05658 0.0402 0.03935 -0.00222 0.00311967515759462 -0.711612551901622 0.476704732233256
"27" 0.402451950960981 0.4016 0.0498434627043681 0.0510458167330677 0.05594 0.05743 0.03957 0.03888 -0.00149000000000001 0.00314412642205815 -0.473899519289892 0.635571562031262
"28" 0.399232015359693 0.39984 0.0496443242160104 0.0513205282112845 0.05492 0.05739 0.03984 0.03888 -0.00247 0.00312509251636205 -0.790376600714321 0.429307863382646
"29" 0.397152056958861 0.39932 0.0492496726759996 0.0522388059701493 0.05391 0.05854 0.04018 0.03848 -0.00463 0.00312510782735301 -1.48154887952191 0.138460369820467
"30" 0.400931981360373 0.39556 0.0533745697610615 0.04858934169279 0.06052 0.05265 0.03772 0.0404 0.00787 0.00312019644068244 2.52227709043816 0.0116597822462997
"31" 0.400951980960381 0.39714 0.048683160415004 0.0499068338621141 0.05398 0.05481 0.04034 0.03961 -0.000829999999999997 0.00307491196322936 -0.269926427138521 0.78721685563145
"32" 0.399292014159717 0.40012 0.0472326571500125 0.0509347195841248 0.05159 0.05692 0.04134 0.03909 -0.00533 0.00308207353451929 -1.7293552344887 0.083745536680441
"33" 0.401271974560509 0.40118 0.0503389154704944 0.0530435216112468 0.05636 0.06012 0.03934 0.03787 -0.00376 0.00317797916064551 -1.1831418048809 0.236752952161717
"34" 0.401371972560549 0.3994 0.0479346255418805 0.0504256384576865 0.05303 0.05604 0.04079 0.03929 -0.00301 0.00308657555826425 -0.97519077151401 0.329465638946133
"35" 0.397212055758885 0.39762 0.0507023815517849 0.0506513756853277 0.05592 0.05594 0.03932 0.03935 -1.99999999999992e-05 0.00311127980053488 -0.00642822288003826 0.994871055533725
"36" 0.401711965760685 0.3983 0.0496863487005875 0.0504644740145619 0.05555 0.05584 0.0397 0.03925 -0.000289999999999999 0.00310920231259161 -0.0932715117397026 0.925687863739749
"37" 0.398812023759525 0.40172 0.0466375808635475 0.0471970526735039 0.05067 0.05207 0.04177 0.04139 -0.0014 0.0030206459175703 -0.463477030477677 0.643022475389369
"38" 0.401911961760765 0.39704 0.0535429936305733 0.0505742494458997 0.061 0.0557 0.03759 0.03918 0.0053 0.00316549362823178 1.67430442845672 0.0940707846230942
"39" 0.396252074958501 0.40338 0.048806339272195 0.0513163766175814 0.0531 0.05824 0.04049 0.03902 -0.00514 0.00312841024595177 -1.64300702142606 0.10038148053052
"40" 0.401111977760445 0.40004 0.0484642999601117 0.0512948705129487 0.05371 0.0574 0.04046 0.03881 -0.00369 0.00311207532887614 -1.1857039467398 0.235739235382729
"41" 0.400611987760245 0.40168 0.0517697568768409 0.0518820952001593 0.0582 0.05862 0.03857 0.03851 -0.000419999999999997 0.00318357013524038 -0.131927358958054 0.895041748442965
"42" 0.401931961360773 0.40136 0.0489625317211524 0.0482858281841738 0.05459 0.05351 0.04012 0.04054 0.00108 0.00308262924452517 0.350350273850839 0.726075840004485
"43" 0.401431971360573 0.40242 0.0500199282582702 0.0490532279707768 0.05595 0.05483 0.03951 0.04009 0.00112 0.00311744767253347 0.359268259694575 0.71939441651759
"44" 0.400671986560269 0.39962 0.051612259159429 0.0506481157099244 0.058 0.0564 0.03866 0.03919 0.0016 0.0031485419511666 0.50817172672804 0.611332916973303
"45" 0.399552008959821 0.39674 0.048102913204525 0.048948933810556 0.05286 0.0534 0.04077 0.04024 -0.000540000000000006 0.00304333299103152 -0.177437040767917 0.859165114563216
"46" 0.398512029759405 0.39652 0.0508381009736023 0.0519519822455362 0.05641 0.05747 0.03919 0.03858 -0.00106 0.00313100182762916 -0.33854978641218 0.734948915452965
"47" 0.397212055758885 0.39542 0.0501485322994814 0.0516412928025897 0.05515 0.05678 0.03964 0.0388 -0.00163 0.00310366321004905 -0.525185849650948 0.599454000784161
"48" 0.400031999360013 0.4021 0.0484451554844516 0.051081820442676 0.05344 0.0576 0.04053 0.03898 -0.00416 0.00311967336267793 -1.33347293654777 0.18237665104624
"49" 0.395972080558389 0.39504 0.0505581089954038 0.0498177399756987 0.05543 0.05421 0.03947 0.0399 0.00122 0.0030765311140454 0.396550515751422 0.691698949448369
"50" 0.399392012159757 0.39596 0.0492739108662994 0.0510152540660673 0.05445 0.05605 0.04005 0.03905 -0.0016 0.00308969062015317 -0.51785120152926 0.604562091344564
"51" 0.400431991360173 0.402 0.0516431924882629 0.0486069651741294 0.05798 0.05411 0.03865 0.04041 0.00387 0.00313095963226468 1.23604276469089 0.216442667992303
"52" 0.401171976560469 0.40322 0.051198963058976 0.0526263578195526 0.05754 0.06004 0.03886 0.03809 -0.0025 0.0031983957274009 -0.781641864570514 0.434425076162216
"53" 0.396212075758485 0.40262 0.0478017263136641 0.0526054344046495 0.05171 0.05986 0.04113 0.03833 -0.00815 0.0031285527156987 -2.60503841252355 0.00918639602511883
"54" 0.401491970160597 0.4026 0.0507098381070984 0.0507203179334327 0.05693 0.05721 0.03912 0.03911 -0.000279999999999996 0.00315694665135605 -0.088693294794742 0.929325661513669
"55" 0.398412031759365 0.40334 0.0516038351488379 0.0527594585213468 0.05744 0.06026 0.03877 0.03815 -0.00282 0.00320067641700664 -0.881063760465154 0.37828331053387
"56" 0.399252014959701 0.40526 0.0526974903571607 0.0487588214973104 0.05916 0.05506 0.03815 0.04037 0.0041 0.00316773698580056 1.29429937472029 0.195562032386481
"57" 0.400231995360093 0.39812 0.0517689386368179 0.0530493318597408 0.05811 0.05936 0.03859 0.03792 -0.00125 0.00317731649271291 -0.393413751153479 0.694013914855173
"58" 0.400871982560349 0.40004 0.0514867291957693 0.0503949605039496 0.05787 0.05615 0.03872 0.03933 0.00172 0.00314607609820189 0.546712776904237 0.584576074848242
"59" 0.402471950560989 0.39964 0.0500397535281256 0.0492443198878991 0.05622 0.05446 0.03945 0.03992 0.00176 0.0031057126547875 0.566697629700845 0.570919631529828
"60" 0.397372052558949 0.39642 0.0509336151794252 0.0486352858079814 0.05627 0.0529 0.03919 0.04054 0.00337 0.00307606311871679 1.09555619307507 0.273273041463117
"61" 0.401191976160477 0.40138 0.0490528414755733 0.0482834221934327 0.05455 0.05351 0.0401 0.04057 0.00104 0.00308184510095584 0.337460179188578 0.73577002578213
"62" 0.396272074558509 0.3984 0.051630160492581 0.0539658634538153 0.05697 0.0607 0.03885 0.03764 -0.00373 0.00318099067924511 -1.17259067256531 0.240959991640665
"63" 0.397032059358813 0.39606 0.0508764859963732 0.0492854617987174 0.05611 0.05371 0.03923 0.04016 0.0024 0.00308186341994305 0.778749630651819 0.436127213969034
"64" 0.400051998960021 0.40064 0.0516922461630755 0.0508186900958466 0.05796 0.05688 0.03864 0.03912 0.00108 0.00315705027428052 0.342091479758309 0.732282049246265
"65" 0.401851962960741 0.39722 0.0498183446971582 0.051306580736116 0.05577 0.05675 0.03961 0.03877 -0.000980000000000002 0.00311781487841667 -0.314322702987959 0.753275956893782
"66" 0.401191976160477 0.40042 0.0487537387836491 0.0501972928425154 0.05413 0.05597 0.04028 0.03942 -0.00184 0.00310191533631396 -0.593181889414976 0.553059431551805
"67" 0.398972020559589 0.3995 0.0481728407438969 0.0490112640801001 0.05283 0.05411 0.04075 0.04023 -0.00128 0.00306158458590292 -0.418084153511147 0.67588559049621
"68" 0.398752024959501 0.40144 0.049603771692246 0.0480271024312475 0.05476 0.05317 0.03989 0.04085 0.00159 0.00308043184714533 0.516161395186675 0.605741690563826
"69" 0.400451990960181 0.40264 0.0485941167657194 0.0473375720246374 0.05374 0.05247 0.04042 0.04122 0.00127 0.00306530386545807 0.414314552730391 0.678643757442593
"70" 0.402871942561149 0.3975 0.0490468625893566 0.0514213836477987 0.05492 0.05697 0.04002 0.03866 -0.00205 0.0031115250777242 -0.658840905598419 0.509997936638938
"71" 0.398452030959381 0.40118 0.0491893791095718 0.0497532279774665 0.05412 0.05552 0.04015 0.03981 -0.0014 0.00309948108589574 -0.451688512109569 0.651493395302961
"72" 0.402851942961141 0.40064 0.0489003624087772 0.051517571884984 0.05471 0.05786 0.04011 0.03861 -0.00315 0.00313147142906538 -1.00591688966492 0.314455550949541
"73" 0.401871962560749 0.39938 0.0510102518164626 0.0496769993489909 0.05744 0.055 0.03893 0.0397 0.00244 0.00312537850056223 0.780705440816547 0.434975759862639
"74" 0.402671946561069 0.403 0.0509585775305453 0.0504714640198511 0.05756 0.05696 0.03892 0.0392 0.000600000000000003 0.00316294048182115 0.189696898644939 0.849546651207599
"75" 0.400331993360133 0.39702 0.0520557526102813 0.04992191829127 0.05853 0.0548 0.03843 0.03963 0.00373 0.00312662296434642 1.19298042729617 0.232877038564584
"76" 0.403111937761245 0.40392 0.0507045048620758 0.0509506833036245 0.05731 0.05785 0.03904 0.03891 -0.000539999999999999 0.00317374016643171 -0.170146253846335 0.864895118493513
"77" 0.400771984560309 0.39814 0.0479065821647787 0.0490782136936756 0.05285 0.05389 0.04083 0.04011 -0.00104 0.00305427346165478 -0.340506510977749 0.733475120375007
"78" 0.403091938161237 0.40408 0.0509550979905731 0.0516729360522669 0.05766 0.05891 0.0389 0.03851 -0.00124999999999999 0.0031902331688729 -0.391820890145662 0.695190558660253
"79" 0.400711985760285 0.40132 0.051806747853863 0.0526263331007675 0.05828 0.05957 0.03855 0.03811 -0.00129 0.00319397865253938 -0.40388497868462 0.686297302856427
"80" 0.401031979360413 0.40372 0.0471274685816876 0.0505300703457842 0.05182 0.05721 0.04133 0.03924 -0.00539 0.00310268186103579 -1.73720679122436 0.0823506766367043
"81" 0.396552068958621 0.3995 0.0492233205567884 0.0509136420525657 0.05374 0.05675 0.04022 0.03923 -0.00301 0.00310292947742389 -0.970051050757028 0.332021046236443
"82" 0.400691986160277 0.4004 0.0521587222360868 0.050999000999001 0.05876 0.05708 0.03836 0.03899 0.00168 0.00316760741120954 0.530368755311915 0.595856284650717
"83" 0.396772064558709 0.39766 0.0515146932809113 0.0521048131569683 0.05693 0.05795 0.03889 0.03857 -0.00102 0.00314605195728735 -0.324215878773816 0.745774601302023
"84" 0.398872022559549 0.39958 0.0526975531488167 0.0507532909555033 0.05906 0.05654 0.03816 0.03922 0.00252 0.00316173971697823 0.797029555111019 0.425433866721335
"85" 0.401571968560629 0.39656 0.048757408237462 0.0493241880169457 0.05422 0.05388 0.04026 0.03992 0.00034 0.00306453361168645 0.110946735484782 0.91165858478209
"86" 0.400251994960101 0.40094 0.0493179433368311 0.0500324238040605 0.0547 0.05586 0.03998 0.03956 -0.00116 0.00310899812747814 -0.373110549584324 0.709066167283168
"87" 0.399912001759965 0.39886 0.0505601120224045 0.0509953367096224 0.05635 0.05671 0.03928 0.03903 -0.000360000000000006 0.00313023394622506 -0.115007378421077 0.908439273718811
"88" 0.397332053358933 0.39884 0.0479689938088287 0.0484404773844148 0.05219 0.05317 0.04096 0.04066 -0.000980000000000002 0.00304032061391337 -0.322334426019165 0.747199355524604
"89" 0.398252034959301 0.40106 0.0516245668658665 0.052161771306039 0.05743 0.05886 0.03876 0.03847 -0.00143 0.00317525934214008 -0.450356914479999 0.652453106660587
"90" 0.400011999760005 0.40276 0.0498975051247438 0.0508491409275996 0.05545 0.05743 0.03965 0.03911 -0.00198 0.00314304265645211 -0.629962815151558 0.528718913296662
"91" 0.404271914561709 0.39996 0.0488770159295538 0.0492049204920492 0.055 0.05448 0.04006 0.03986 0.00052 0.00309358357179822 0.168089850469996 0.866512593898133
"92" 0.401391972160557 0.39728 0.0472346786248132 0.0503423278292388 0.05205 0.05544 0.04124 0.03933 -0.00339 0.00305974303446728 -1.10793617693135 0.267889380344324
"93" 0.400171996560069 0.39958 0.0505772402418911 0.0486510836378197 0.05644 0.05362 0.03925 0.0404 0.00282 0.00309839499909292 0.910148641740506 0.362744124986262
"94" 0.400171996560069 0.40344 0.048428207306712 0.0507634344636129 0.05345 0.05747 0.04053 0.03915 -0.00402 0.00312334058699376 -1.28708345696916 0.19806520084074
"95" 0.402271954560909 0.4041 0.0513075469822015 0.0484038604305865 0.05796 0.05429 0.03875 0.04044 0.00367 0.00314077334493493 1.1685020206627 0.242604324652351
"96" 0.399392012159757 0.40016 0.0518277416124186 0.0519792083166733 0.05799 0.05838 0.0386 0.03852 -0.000390000000000001 0.00317294624618221 -0.122914152885276 0.902175078229523
"97" 0.401851962960741 0.40226 0.0488229731747375 0.049470491721772 0.05438 0.05538 0.04021 0.03982 -0.001 0.00310553579264361 -0.32200562697387 0.74744843166636
"98" 0.398812023759525 0.40038 0.050799859585778 0.0496028772665967 0.05643 0.05513 0.03919 0.03988 0.0013 0.00311840807193226 0.416879372427511 0.67676664213874
"99" 0.400511989760205 0.40188 0.0485369020273644 0.0507116552204638 0.05367 0.05703 0.04045 0.03916 -0.00335999999999999 0.00311458441514422 -1.07879561191614 0.280678851448281
"100" 0.403251934961301 0.39974 0.0481575162426226 0.0525841797168159 0.05376 0.05912 0.04055 0.03802 -0.00536 0.00313123080876862 -1.71178693853867 0.0869359399855058
